  GALLONG  GALLAT  NAME
    deg     deg
    15.0   -79.3   Banco 1
   119.8    -1.4   NGC 103
   120.3    -2.5   NGC 129
   120.6    -1.3   NGC 136
   121.0     0.5   King 14
   120.9     0.5   NGC 146
   121.9    -1.6   NGC 189
   121.6    -0.9   Stock 24
   122.0    -1.1   NGC 225
   122.8    22.5   NGC 188
   122.9    -4.7   King 2
   124.0     1.1   Berkeley 62
   124.9    -1.2   NGC 381
   126.1    -3.9   NGC 436
   126.6    -4.3   NGC 457
   127.4    -2.3   NGC 433
   127.2     0.7   NGC 559
   128.0    -1.8   NGC 581
   128.2    -1.1   Trumpler 1
   128.9     2.0   NGC 637
   129.1    -0.4   NGC 654
   129.3    -1.5   NGC 659
   129.4    -0.9   NGC 663
   127.4     9.6   Collinder 463
   130.1    -0.2   IC 166
   137.2   -23.4   NGC 752
   132.4    -6.2   NGC 744
   133.4    -1.9   Stock 2
   134.2    -2.6   Basel 10
   135.1    -3.5   NGC 869
   135.5    -3.3   NGC 884
   134.7     0.0   Markarian 6
   134.7     0.9   IC 1805
   135.8    -1.6   Czernik 8
   136.3    -2.7   NGC 957
   136.4    -0.8   King 4
   137.4    -3.9   Trumpler 2
   135.8     0.3   Berkeley 65
   143.6   -15.6   NGC 1039
   135.8     1.5   NGC 1027
   135.7     2.3   Czernik 13
   137.2     0.9   IC 1848
   146.8   -12.2   NGC 1193
   274.0   -50.7   NGC 1252
   146.6    -8.9   NGC 1245
   146.9    -7.1   Melotte 20
   155.0   -15.4   NGC 1342
   160.4   -17.7   IC 348
    89.0   -49.9   Pleiades 03
   148.1    -1.3   NGC 1444
   149.9     0.1   NGC 1496
   143.7     7.6   NGC 1502
   152.6    -1.6   NGC 1513
   152.0     0.3   NGC 1528
   147.5     5.7   IC 361
   157.1    -3.7   Berkeley 11
   153.3     0.2   NGC 1545
   136.5    -9.3   Hyades 04
   158.6    -1.6   NGC 1605
   180.8   -16.2   NGC 1647
   187.7   -21.1   NGC 1662
   161.6    -0.4   NGC 1664
   169.3    -1.4   NGC 1778
   186.1   -13.1   NGC 1817
   279.0   -33.6   NGC 1901
   173.6    -1.7   NGC 1893
   176.9    -3.6   Berkeley 19
   173.3    -0.3   Stock 8
   172.6     0.3   NGC 1907
   172.3     0.7   NGC 1912
   172.6     1.1   NGC 1931
   175.0     1.6   NGC 1960
   179.2     1.2   Basel 4
   176.4     3.1   King 8
   177.7     3.1   NGC 2099
   205.9   -12.6   NGC 2112
   187.4    -1.1   Basel 11.2
   186.6     0.1   NGC 2129
   186.8     1.8   IC 2157
   187.1     2.3   NGC 2158
   195.6    -2.9   NGC 2169
   186.6     2.2   NGC 2168
   190.2     0.4   NGC 2175
   203.6    -6.2   NGC 2186
   197.3    -2.3   NGC 2194
   226.0   -16.1   NGC 2204
   216.0   -10.1   NGC 2215
   192.4     3.4   Bochum 1
   214.3    -7.7   NGC 2232
   204.4    -1.7   NGC 2236
   239.5   -18.0   NGC 2243
   208.0    -3.4   Collinder 96
   205.4    -1.8   Collinder 97
   206.4    -2.0   NGC 2244
   203.6     0.1   NGC 2251
   204.4     0.1   NGC 2254
   203.8     0.5   Basel 7
   202.9     2.2   NGC 2264
   187.8    10.3   NGC 2266
   208.0     0.4   NGC 2269
   211.9    -1.3   Dolidze 25
   231.1   -10.2   NGC 2287
   215.3    -2.3   NGC 2286
   175.4    17.6   NGC 2281
   212.5     0.3   NGC 2301
   206.8     3.3   NGC 2302
   235.4   -10.4   Collinder 121
   208.0     4.4   Berkeley 32
   232.2    -7.3   Tombaugh 1
   221.7    -1.2   NGC 2323
   213.9     3.8   NGC 2324
   223.9    -0.8   NGC 2335
   224.3    -1.2   NGC 2343
   226.6    -2.3   NGC 2345
   238.4    -6.8   NGC 2354
   243.3    -9.2   Collinder 132
   224.7     0.4   NGC 2353
   248.7   -11.2   Collinder 135
   203.4    11.8   NGC 2355
   228.3    -0.8   Basel 11.1
   229.8    -1.4   NGC 2360
   238.2    -5.5   NGC 2362
   228.1     0.8   Haffner 6
   235.6    -3.9   NGC 2367
   227.5     1.3   Haffner 8
   245.2    -7.9   Collinder 140
   228.4     1.0   NGC 2374
   235.3    -2.4   NGC 2383
   239.9    -4.9   Ruprecht 18
   235.7    -2.0   NGC 2384
   259.6   -14.3   Melotte 66
   204.6    14.0   NGC 2395
   238.6    -3.0   Trumpler 7
   230.8     0.9   Czernik 29
   232.9     1.1   Bochum 5
   232.5     0.8   Bochum 4
   231.4     2.0   NGC 2414
   236.3     0.1   NGC 2421
   231.0     3.1   NGC 2422
   230.5     3.5   NGC 2423
   229.3     5.0   Melotte 71
   198.1    19.7   NGC 2420
   248.0    -5.5   Bochum 15
   246.4    -4.4   NGC 2439
   231.9     4.1   NGC 2437
   240.1     0.1   NGC 2447
   247.9    -4.2   Haffner 15
   252.4    -6.7   NGC 2451
   223.5    10.1   Berkeley 39
   243.3    -0.9   NGC 2453
   242.6    -0.3   Ruprecht 36
   242.1     0.5   Haffner 16
   253.6    -5.8   NGC 2477
   243.1     0.4   Haffner 18
   243.0     0.5   Haffner 19
   241.6     2.0   NGC 2482
   243.1     1.2   Trumpler 9
   247.0    -0.5   NGC 2489
   247.0    -0.9   Haffner 20
   273.9   -15.9   NGC 2516
   245.8     0.5   Ruprecht 44
   230.6    10.0   NGC 2506
   244.8     1.7   Haffner 21
   261.3    -8.0   Collinder 173
   246.1     1.9   NGC 2527
   247.8     1.3   NGC 2533
   264.5    -8.6   NGC 2547
   233.7    11.1   NGC 2539
   254.9    -2.0   NGC 2546
   227.9    15.4   NGC 2548
   249.1     3.5   NGC 2571
   255.3    -0.5   Pismis 1
   249.8     3.0   NGC 2567
   255.0     0.3   NGC 2579
   255.1     0.6   Collinder 185
   262.7    -2.4   Pismis 4
   264.8    -2.9   Pismis 6
   205.5    32.5   NGC 2632
   270.6    -6.8   IC 2391
   265.1    -2.5   Waterloo 6
   266.6    -3.8   IC 2395
   265.1    -2.6   Pismis 8
   266.0    -2.8   NGC 2660
   261.6     0.9   Collinder 197
   270.7    -6.3   NGC 2669
   267.5    -3.6   NGC 2670
   262.8     0.6   Trumpler 10
   215.6    31.7   NGC 2682
   269.2    -1.8   Markarian 18
   272.0    -0.7   Pismis 11
   262.0     8.6   NGC 2818
   273.4    -0.6   Pismis 13
   277.8    -4.4   IC 2488
   275.3    -1.2   NGC 2910
   276.0    -1.2   NGC 2925
   274.7     1.8   NGC 2972
   277.1    -0.8   Ruprecht 79
   279.6    -2.1   NGC 3033
   279.9     0.3   NGC 3105
   283.6    -3.8   NGC 3114
   280.7     4.6   NGC 3228
   284.6    -0.3   NGC 3247
   284.6     0.0   IC 2581
   286.1    -1.6   Collinder 223
   285.8     0.1   NGC 3293
   286.2    -0.2   NGC 3324
   286.6    -0.6   vdB-Hagen 99
   284.5     3.9   NGC 3330
   290.1    -5.6   Melotte 101
   287.3    -0.3   Bochum 10
   287.9    -1.1   Collinder 228
   289.6    -4.9   IC 2602
   287.4    -0.6   Trumpler 14
   287.4    -0.4   Trumpler 15
   287.6    -0.7   Trumpler 16
   288.3    -0.9   Bochum 11
   289.5    -2.0   Ruprecht 92
   288.7     0.4   Trumpler 17
   289.9    -1.8   Bochum 12
   289.5    -0.4   NGC 3496
   289.6    -0.4   Sher 1
   289.5     0.1   Pismis 17
   290.5    -1.1   Ruprecht 93
   289.6     1.5   NGC 3532
   290.7     0.2   NGC 3572
   290.8     0.1   Hogg 10
   290.8     0.2   Collinder 240
   291.0    -0.1   Trumpler 18
   291.2    -0.2   NGC 3590
   290.5     1.6   Stock 13
   291.6    -0.5   NGC 3603
   292.4    -1.8   IC 2714
   292.9    -2.4   Melotte 105
   286.8    16.9   NGC 3680
   294.1    -0.0   NGC 3766
   294.9    -1.5   IC 2944
   295.2    -0.6   Stock 14
   294.4     6.2   NGC 3960
   296.8    -0.4   Ruprecht 97
   297.2    -2.2   Ruprecht 98
   297.6     1.2   NGC 4103
   299.8     0.8   NGC 4349
   226.3    84.5   Melotte 111
   300.4     2.5   NGC 4439
   300.2     2.0   Harvard 5
   300.6    -2.0   NGC 4463
   301.9    -0.1   NGC 4609
   302.4    -0.4   Hogg 15
   303.2     2.5   NGC 4755
   305.6    -4.5   Harvard 8
   306.1     0.1   Stock 16
   307.9     3.2   NGC 5138
   307.2     0.2   Basel 18
   307.5     1.3   Hogg 16
   307.6     1.2   Collinder 272
   307.7     1.6   NGC 5168
   308.2     4.0   Ruprecht 108
   307.6    -0.3   Trumpler 21
   309.2    -0.7   NGC 5281
   310.2     0.1   NGC 5316
   311.1     0.6   Lynga 1
   315.8    12.6   NGC 5460
   313.8    -0.5   Lynga 2
   314.8     1.0   NGC 5606
   314.7    -0.1   NGC 5617
   314.7    -0.6   Trumpler 22
   314.9    -0.9   Hogg 17
   316.9     3.5   NGC 5662
   109.9    44.7   Collinder 285
   319.5     4.5   NGC 5749
   320.8     6.4   Hogg 18
   321.7     3.6   NGC 5822
   321.2     2.4   NGC 5823
   320.9    -1.6   Pismis 20
   324.5    -6.0   NGC 6025
   330.4     0.3   Lynga 6
   329.6    -2.0   NGC 6031
   329.7    -2.2   NGC 6067
   327.7    -5.4   NGC 6087
   341.6     5.9   NGC 6124
   335.4    -0.6   NGC 6134
   335.3    -1.3   NGC 6167
   338.4     1.2   NGC 6178
   340.6     2.1   NGC 6192
   336.7    -1.6   NGC 6193
   338.0    -1.1   NGC 6200
   339.0    -1.6   NGC 6204
   333.7    -5.8   NGC 6208
   343.5     1.2   NGC 6231
   340.9    -1.2   Lynga 14
   345.4     2.4   NGC 6242
   344.7     1.5   Trumpler 24
   341.6    -1.2   NGC 6249
   340.7    -1.9   NGC 6250
   342.0    -1.5   NGC 6259
   347.8     2.0   NGC 6281
   351.2     1.4   Bochum 13
   345.3    -3.1   NGC 6322
   340.1    -7.9   IC 4651
   353.1     0.6   Pismis 24
   355.7     0.1   NGC 6383
   355.1    -0.7   Trumpler 27
   356.0    -0.3   Trumpler 28
   352.9    -2.4   Ruprecht 127
   354.3    -2.4   NGC 6396
   356.6    -0.7   NGC 6405
   356.9    -1.5   NGC 6416
    30.6    17.1   IC 4665
   359.8    -0.3   Collinder 347
   357.9    -1.6   NGC 6425
   359.5    -1.6   NGC 6451
     0.2    -2.4   Basel 5
   355.9    -4.5   NGC 6475
    10.2     2.3   NGC 6494
     2.2    -2.3   Trumpler 31
     6.4    -0.5   Bochum 14
     2.9    -2.8   NGC 6520
     7.7    -0.4   NGC 6531
     6.1    -1.4   NGC 6530
     7.3    -1.4   NGC 6546
    45.6    15.9   Collinder 469
    18.3     1.7   NGC 6604
    12.8    -1.3   NGC 6603
    17.0     0.8   NGC 6611
    14.6    -1.5   NGC 6613
    12.4    -3.2   Trumpler 33
    36.1     8.3   NGC 6633
    13.6    -4.5   IC 4725
    21.6    -0.8   NGC 6649
    23.9    -0.5   NGC 6664
    36.4     5.3   IC 4756
    26.3    -0.8   NGC 6683
    28.7    -0.5   Trumpler 35
    23.9    -2.9   NGC 6694
    27.3    -1.9   Basel 1
    28.2    -2.2   NGC 6704
    27.3    -2.8   NGC 6705
    42.2     4.7   NGC 6709
    14.8    -9.6   Collinder 394
    15.4    -9.6   NGC 6716
    36.2    -2.2   Berkeley 42
    38.6    -1.7   NGC 6755
    47.1     1.1   Berkeley 82
    70.0    11.0   NGC 6791
    55.3     0.9   NGC 6802
    79.4    12.0   NGC 6811
    74.0     8.5   NGC 6819
    59.4    -0.1   NGC 6823
    60.4    -2.2   NGC 6830
    65.7     1.2   NGC 6834
    56.3    -4.7   Harvard 20
    58.8    -4.7   Roslund 3
    79.4     6.8   NGC 6866
    67.0    -1.3   Roslund 4
    72.6     2.1   NGC 6871
    72.8     1.3   Biurakan 2
    77.7     4.3   IC 1311
    75.3     1.3   IC 4996
    76.7     1.3   Berkeley 86
    75.7     0.3   Berkeley 87
    78.7     2.0   NGC 6910
    76.9     0.6   NGC 6913
    95.9    12.3   NGC 6939
    69.9    -7.2   NGC 6940
    91.3     2.3   NGC 7031
    88.0    -1.7   NGC 7039
    89.6    -0.4   IC 1369
    89.9    -2.7   NGC 7062
    91.6    -1.7   NGC 7067
    83.1    -9.9   NGC 7063
    91.5    -3.1   NGC 7082
    94.4     0.2   NGC 7086
    92.5    -2.3   NGC 7092
    97.3     0.4   NGC 7128
   105.4     9.5   NGC 7142
    94.4    -5.5   IC 5146
   104.0     6.5   NGC 7160
    95.5    -7.3   NGC 7209
   101.4    -0.6   NGC 7226
   102.7     0.8   NGC 7235
   101.4    -1.9   NGC 7245
    98.9    -5.6   NGC 7243
   101.7    -2.2   IC 1442
   104.3     0.9   NGC 7261
   103.1    -1.2   Berkeley 94
   103.7    -2.1   Berkeley 96
   107.4    -0.9   NGC 7380
   110.6     0.1   King 19
   111.0     0.0   NGC 7510
   111.3    -0.2   Markarian 50
   112.7     0.4   NGC 7654
   117.2     6.5   King 11
   117.5     6.0   NGC 7762
   116.1    -0.1   King 12
   116.4    -0.8   NGC 7788
   115.5    -5.4   NGC 7789
   116.6    -1.0   NGC 7790



