RAh RAm RAs DEd DEm DEs DelV P    Bmag  Vmag  Rmag  Imag  # Name1 Name2 
4 43 20.81 -69 13 48.0 0.07   8.84 15.48 14.69 14.20 13.91 # Evs HV12717 
4 46  1.04 -69 38 56.1 0.07  13.74 15.72 14.77 14.21 13.74 # Evs HV12724 
4 47  6.86 -69 17 39.7 0.07  22.56 15.02 14.09 13.62 13.09 # Evs U1      
4 47 24.05 -69 43 19.4 0.13   3.59 16.36 15.84 15.29 15.10 # Evs HV12447 
4 48 51.35 -69 21 22.9 0.06   8.74 15.53 14.77 14.40 13.95 # Evs HV12452 
4 50 30.79 -69 30 15.0 0.20   5.02 15.86 15.51 15.00 14.76 # Evs HV12472 
4 50 52.39 -69 18 56.0 0.07  15.85 15.58 14.73 13.95 13.66 # Evs HV12471 
4 52 47.66 -68 20 55.9 0.07  20.08 14.58 13.66 13.23 12.85 # Evs U11     
4 54  6.23 -70 48 44.9 0.20   3.34 16.47 15.94 15.60 15.25 # Evs HV5511  
4 54 23.75 -70 54  5.8 0.03  34.43 14.61 13.06 12.58 12.16 # Evs HV873   
4 54 24.36 -70 55 24.1 0.04   3.93 16.30 15.77 15.42 15.08 # Evs HV12416 
4 55  1.39 -71  2 14.5 0.20   3.02 16.59 16.09 15.74 15.40 # Evs HV12418 
4 55  6.42 -67 28 33.4 0.06  29.86 14.65 13.69 13.15 12.71 # Evs HV872   
4 55 40.50 -66 25 43.7 0.07  98.82 12.91 11.93 11.38 10.88 # Evs HV5497  
4 55 49.48 -69 20 59.6 0.20   3.78 16.31 15.75 15.40 15.07 # Evs DV271   
4 55 52.87 -69 17 20.6 0.20   2.63 16.52 16.04 15.70 15.41 # Evs HV12500 
4 56 27.69 -69 22 47.5 0.03  30.35 13.92 12.96 12.58 12.17 # Evs HV875   
4 56 33.22 -67 17 35.1 0.11   2.95 16.82 16.21 15.84 15.48 # Evs HV12491 
4 56 33.54 -70  9 23.1 0.13   3.21 16.61 16.01 15.61 15.38 # Evs HV12419 
4 56 34.34 -70  6 40.0 0.11   3.57 16.64 16.03 15.56 15.32 # Evs HV12508 
4 56 38.79 -69 18  3.8 0.17   2.73 16.84 16.25 15.89 15.55 # Evs HV12503 
4 57 12.50 -67 22 55.0 0.06  22.71 14.29 13.53 13.32 12.70 # Evs HV876   
4 57 25.46 -69 34  1.7 0.11   2.76 17.00 16.34 15.92 15.56 # Evs HV5517  
4 57 43.60 -70  3 13.9 0.07   1.33 15.91 15.26 14.83 14.44 # Evs DV46    
4 57 45.00 -65 42 30.1 0.07  24.24 13.59 12.95 12.56 12.27 # Evs HV6098  
4 57 51.03 -69 57 30.3 0.01  23.31 13.95 13.49 13.07 12.68 # Evs HV878   
4 57 56.74 -68 48 57.8 0.17  14.39 16.99 14.55 14.75 14.00 # Evs HV12505 
4 58  5.64 -69 27 15.1 0.06  36.80 14.72 13.64 13.01 12.52 # Evs HV879   
4 58 10.79 -69 56 59.2 0.01  39.35 13.94 13.05 12.53 12.08 # Evs HV2257  
4 58 32.54 -70 20 46.2 0.03  35.76 14.29 13.09 12.61 12.19 # Evs HV881   
4 58 36.36 -70  6 39.2 0.06  17.27 13.95 13.26 12.90 12.52 # Evs HV2261  
4 58 36.90 -69 31 52.5 0.07   3.05 17.52 16.69 16.24 15.79 # Evs HV12514 
4 58 41.47 -69 31 32.2 0.07   3.75 16.38 15.77 15.38 15.05 # Evs HV13013 
4 58 47.23 -70  3 41.8 0.06  15.84 15.04 14.29 13.78 13.33 # Evs HV2262  
4 58 48.92 -70  8 56.7 0.11   2.05 16.11 15.73 15.33 15.11 # Evs DV50    
4 58 55.62 -69 15 59.2 0.13   4.69 16.51 15.81 15.38 14.99 # Evs HV5526  
4 59 11.30 -70 22 12.9 0.13   2.55 16.29 15.99 15.70 15.40 # Evs HV12426 
4 59 24.86 -69 25 38.8 0.03   5.07 15.82 15.32 14.99 14.66 # Evs BV906   
4 59 36.74 -68 28 55.9 0.11   3.31 14.55 14.78 14.83 14.97 # Evs HV5524  
4 59 40.98 -69 27 21.5 0.03  31.77 14.03 13.35 12.90 12.44 # Evs HV882   
4 59 52.66 -70 16 37.6 0.17   5.43 15.87 15.31 14.93 14.54 # Evs HV2272  
5  0  4.93 -69 31 37.1 0.06   4.35 16.82 16.09 15.63 15.28 # Ogle 10     
5  0  7.16 -68 26 59.5 0.07 133.9  12.85 12.00 11.35 10.91 # Evs HV883   
5  0 18.85 -66 25 23.0 0.11   3.13 16.63 15.89 15.57 15.26 # Evs HV12224 
5  0 21.41 -66 25 21.2 0.09   3.01 16.93 16.16 15.74 15.42 # Evs HV12225 
5  0 48.14 -69 31 54.4 0.04  13.63 15.50 14.62 14.11 13.70 # Ogle 56087  
5  0 54.57 -69 34 47.0 0.06   2.69 16.62 16.09 15.74 15.43 # Evs HV12964 
5  0 55.51 -68 26 19.4 0.03  12.99 15.67 14.85 14.35 13.91 # Evs HV2260  
5  0 57.01 -70  8 32.5 0.09   5.42 15.57 15.11 14.74 14.46 # Evs HV2278  
5  0 57.35 -69 36  2.2 0.06   6.95 15.93 15.25 14.81 14.45 # Evs HV12531 
5  0 59.31 -69 25 19.5 0.05   2.96 16.92 16.29 15.89 15.62 # Ogle 62069  
5  1  1.90 -69 20  9.1 0.07   1.89 16.49 15.96 15.65 15.39 # Ogle 65685  
5  1  4.84 -68 27  4.4 0.04   5.05 15.29 14.96 14.65 14.39 # Evs HV2263  
5  1 24.75 -70  4 18.4 0.07  14.67 15.10 14.31 13.95 13.43 # Evs HV2282  
5  1 36.28 -68 59 46.6 0.07   3.79 16.98 16.26 15.80 15.43 # Ogle 145087 
5  1 38.28 -68 43 43.3 0.09   1.10 17.05 16.64 16.43 16.18 # Ogle 158999 
5  1 41.33 -68 43 54.6 0.09   4.58 16.51 15.79 15.40 15.04 # Ogle 158906 
5  1 41.40 -68 40 56.5 0.17  14.59 19.23 17.89 17.14 16.56 # Ogle 162144 
5  1 41.99 -69 30 35.1 0.04   0.93 17.84 17.27 16.90 16.60 # Ogle 112511 
5  1 46.77 -68 41 37.9 0.17   4.94 16.58 15.87 15.45 15.06 # Ogle 161924 
5  1 48.44 -68 50 42.5 0.04   1.11 17.05 16.61 16.31 16.05 # Ogle 152481 
5  1 51.75 -69 23 22.1 0.07  10.41 15.06 14.42 14.03 13.69 # Ogle 118594 
5  1 54.37 -68 54 12.5 0.02  20.71 14.31 13.60 13.08 12.72 # Ogle 148920 
5  1 59.07 -69  5 17.2 0.20   2.88 17.47 16.67 16.27 15.82 # Ogle 193155 
5  2  0.75 -68 55 20.3 0.03  12.19 15.70 14.86 14.36 13.91 # Ogle 204548 
5  2  2.60 -68 43 33.7 0.07   2.26 17.24 16.63 16.27 15.97 # Ogle 214783 
5  2  5.59 -69  2 53.3 0.09   2.93 17.68 16.92 16.44 15.98 # Ogle 196999 
5  2 10.06 -69 32 23.5 0.06  14.49 14.84 14.09 13.62 13.27 # Ogle 167787 
5  2 12.28 -68 46 57.4 0.06   3.27 16.57 15.96 15.60 15.27 # Ogle 214750 
5  2 16.09 -69 27  2.8 0.06   4.99 15.54 14.91 14.48 14.18 # Ogle 170744 
5  2 20.21 -68 46 25.6 0.06   2.47 16.14 15.65 15.34 15.04 # Ogle 214740 
5  2 22.05 -68 52 20.2 0.03   2.69 16.68 16.20 15.85 15.53 # Ogle 208019 
5  2 33.53 -69 18 49.0 0.17   4.99 16.34 15.69 15.21 14.93 # Ogle 11554  
5  2 36.31 -68 44 39.7 0.04   2.57 16.45 15.99 15.72 15.45 # Ogle 54419  
5  2 44.29 -68 52 42.7 0.03   2.32 16.36 15.85 15.48 15.19 # Ogle 46315  
5  2 51.32 -68 47  3.5 0.04  10.85 15.52 14.69 14.23 13.86 # Ogle 50505  
5  2 51.59 -69 25 31.6 0.07   2.15 16.31 15.80 15.48 15.20 # Ogle 7198   
5  2 52.54 -68 50 33.2 0.03   3.07 16.39 15.84 15.47 15.10 # Ogle 50506  
5  2 57.01 -68 41 41.5 0.05   6.89 15.37 14.76 14.43 14.07 # Ogle 57956  
5  3  0.51 -69 26 38.9 0.09   2.56 17.13 16.44 16.03 15.77 # Ogle 3442   
5  3  6.65 -69 59 34.1 0.20   3.57 16.39 15.93 15.57 15.29 # Evs DV70    
5  3 10.99 -68 51 36.2 0.04   2.78 15.95 15.47 15.15 14.86 # Ogle 109671 
5  3 17.48 -68 49 31.8 0.06   0.91 18.15 17.83 17.58 17.33 # Ogle 114046 
5  3 19.01 -68 44 59.9 0.04   3.41 15.82 15.28 14.95 14.64 # Ogle 117534 
5  3 23.42 -69  0  1.4 0.03  10.71 15.60 14.78 14.30 13.88 # Ogle 100794 
5  3 24.06 -68 51 28.0 0.03   1.91 16.29 15.87 15.62 15.36 # Ogle 109715 
5  3 24.82 -68 46 19.3 0.03  12.64 15.10 14.43 13.92 13.58 # Ogle 117525 
5  3 26.15 -69  8 54.2 0.17  21.26 13.81 13.31 13.00 12.62 # Ogle 88441  
5  3 37.73 -69  3 45.2 0.03  12.20 15.31 14.58 14.10 13.67 # Ogle 96614  
5  3 38.74 -68 48 10.2 0.03   5.92 15.15 14.53 14.15 13.81 # Ogle 113861 
5  3 45.92 -68 52 34.7 0.03  22.31 14.99 14.00 13.51 13.05 # Ogle 109640 
5  3 48.66 -68 55  3.5 0.04   6.37 17.98 17.44 17.04 16.68 # Ogle 170192 
5  3 49.24 -68 56  1.0 0.03  25.81 14.56 13.67 13.15 12.71 # Ogle 170002 
5  3 51.01 -68 52 57.3 0.03   7.84 15.69 14.99 14.54 14.15 # Ogle 174756 
5  3 57.01 -68 50 22.6 0.02   9.71 15.40 14.67 14.22 13.85 # Ogle 178619 
5  3 58.90 -68 53 22.3 0.03   9.40 17.03 16.49 16.12 15.82 # Ogle 174795 
5  3 59.79 -68 38 53.3 0.11   7.48 16.03 15.30 14.86 14.44 # Ogle 189342 
5  4  4.97 -69  4 49.1 0.04   5.78 15.04 14.54 14.21 13.87 # Ogle 156632 
5  4  7.61 -69 12 33.2 0.20   2.19 16.30 15.83 15.53 15.25 # Ogle 148402 
5  4 13.89 -69  6  9.9 0.06   8.36 16.25 15.47 15.02 14.49 # Ogle 156647 
5  4 15.23 -69  1 34.6 0.03  17.21 14.47 13.78 13.34 12.98 # Ogle 160625 
5  4 17.84 -68 33 58.9 0.20   9.05 15.63 14.90 14.37 13.95 # Evs HV2297  
5  4 19.36 -68 55 47.4 0.03  20.65 15.14 14.32 13.82 13.37 # Ogle 170005 
5  4 20.78 -68 43 41.4 0.03  15.98 15.10 14.31 14.08 13.46 # Ogle 182466 
5  4 24.93 -69  7 36.9 0.09   3.03 17.83 17.06 16.56 16.00 # Ogle 156720 
5  4 31.29 -69 12 47.5 0.20   3.12 15.95 15.41 15.09 14.78 # Ogle 216164 
5  4 34.77 -68 52 34.6 0.04   3.28 17.08 16.40 15.98 15.56 # Ogle 244304 
5  4 47.39 -66  2  7.5 0.13   4.75 16.53 15.62 15.13 14.49 # Evs W49     
5  4 55.38 -66  0 12.3 0.17   3.92 16.31 15.72 15.35 15.09 # Evs W11     
5  5  2.81 -66 25  9.4 0.07   2.68 16.77 15.97 15.78 15.35 # Evs HV5541  
5  5  3.86 -68 44 39.4 0.04   2.07 16.28 16.18 15.91 15.77 # Ogle 35171  
5  5 10.53 -68 47 45.9 0.04   4.01 16.69 16.50 16.37 16.25 # Ogle 30676  
5  5 10.58 -68 39  5.6 0.13  53.75 18.72 17.90 17.51 16.81 # Ogle 45261  
5  5 11.22 -68 41 38.5 0.20  36.86  0.00 18.70 18.04 17.45 # Ogle 40648  
5  5 14.22 -68 46  5.9 0.04   4.38 16.22 15.60 15.23 14.87 # Ogle 35127  
5  5 23.71 -68 42  0.7 0.06   2.02 16.85 16.25 15.89 15.57 # Ogle 40265  
5  5 21.85 -68 24  6.1 0.20   2.42 16.50 16.26 15.79 15.67 # Ogle 60078  
5  5 26.14 -69 11 33.6 0.17   2.27 16.46 15.95 15.61 15.33 # Ogle 12     
5  5 30.32 -68 26 24.0 0.20   2.64 17.56 16.50 16.33 15.76 # Ogle 57113  
5  5 32.08 -68 41 30.7 0.07   1.75 16.63 16.11 15.83 15.51 # Ogle 40244  
5  5 38.29 -68 57 21.9 0.13   1.42 19.22 18.17 17.61 17.00 # Ogle 88334  
5  5 41.20 -65 59  6.4 0.06   3.60 16.35 15.77 15.45 15.13 # Evs HV12747 
5  5 41.73 -68 51  3.9 0.07   7.40 15.68 14.96 14.55 14.14 # Ogle 93279  
5  5 43.75 -68 59 50.1 0.07   1.62 17.55 16.96 16.64 16.24 # Ogle 83859  
5  5 45.55 -68 15 19.1 0.17   4.87 16.23 15.53 15.18 14.82 # Ogle 134718 
5  5 52.15 -69  9 28.5 0.17   4.68 16.12 15.54 15.15 14.82 # Ogle 69033  
5  6  5.48 -68 41 51.1 0.17   3.51 16.37 15.75 15.49 15.13 # Ogle 106993 
5  6  0.69 -69  6 15.9 0.13  21.11 15.07 14.05 13.49 12.99 # Ogle 74156  
5  6  0.87 -68 37 37.7 0.20   8.33 15.72 14.91 14.48 14.09 # Ogle 111968 
5  6 14.67 -68 51 55.4 0.13   4.65 15.32 14.77 14.44 14.10 # Ogle 160626 
5  6 14.66 -68 19  1.5 0.17   1.99 16.61 15.95 15.72 15.31 # Ogle 197484 
5  6 16.10 -68 47 19.2 0.17   2.04 16.59 16.01 15.68 15.33 # Ogle 165223 
5  6 16.61 -68 40 32.8 0.20  12.92 15.40 14.14 13.97 13.43 # Ogle 173745 
5  6 37.19 -68 23 38.7 0.09   1.30 18.11 17.85 17.54 17.25 # Ogle 194404 
5  6 38.88 -68 57 45.8 0.07   3.71 16.37 15.84 15.49 15.18 # Ogle 151864 
5  6 39.59 -68 25 11.1 0.07   8.71 15.37 14.69 14.29 13.93 # Ogle 194103 
5  6 45.56 -69 12 18.4 0.17   0.83 18.29 17.58 17.13 16.90 # Ogle 156517 
5  6 52.51 -68 43 23.9 0.11  12.73 15.66 14.72 14.20 13.73 # Ogle 173734 
5  6 52.61 -68 39 34.6 0.13  17.46 14.45 13.82 13.36 13.04 # Ogle 178831 
5  6 54.92 -68 38 13.2 0.11   4.81 15.68 15.52 15.34 14.86 # Ogle 247806 
5  6 56.00 -69  3 14.3 0.11  10.46 15.40 14.17 13.58 12.94 # Ogle 214116 
5  6 59.12 -69 18 18.8 0.13   4.03 16.90 16.15 15.69 15.29 # Ogle 202153 
5  7  1.78 -68 42 38.0 0.11   5.30 15.32 14.72 14.35 13.99 # Ogle 242678 
5  7  1.92 -69 10 16.5 0.09   2.16 16.51 15.96 15.57 15.28 # Ogle 203493 
5  7  2.17 -68 53 33.7 0.06   1.47 17.22 16.60 16.16 15.86 # Ogle 228682 
5  7  7.56 -68 53 18.3 0.06  31.05 14.05 13.26 12.83 12.43 # Ogle 228645 
5  7 15.02 -68 41 34.6 0.07   3.45 16.20 15.56 15.18 14.79 # Ogle 242700 
5  7 18.24 -69  1 34.0 0.11   1.84 17.46 16.76 16.27 15.90 # Ogle 214195 
5  7 20.14 -70 27 15.2 0.11  26.36 14.07 13.25 12.70 12.36 # Evs HV902   
5  7 21.37 -68 20 16.8 0.03  14.46 15.23 14.37 13.90 13.47 # Ogle 267454 
5  7 22.95 -68 38 29.8 0.09   3.74 16.39 15.93 14.23 15.23 # Ogle 247801 
5  7 25.86 -68 53 18.7 0.05   4.20 16.32 15.70 15.33 15.01 # Ogle 228660 
5  7 29.90 -69 12 54.2 0.07   4.10 16.93 16.17 15.69 15.29 # Ogle 37982  
5  7 30.85 -70 13 44.2 0.17   5.02 16.55 16.40 16.16 15.91 # Evs DV297   
5  7 36.35 -68 50  8.9 0.06   0.41 18.40 17.98 17.67 17.47 # Ogle 71294  
5  7 42.16 -69 14 46.3 0.06  18.47 15.47 14.30 13.84 13.32 # Ogle 32393  
5  7 49.86 -69  2 43.7 0.06   1.90 16.58 16.10 15.79 15.46 # Ogle 54739  
5  8  5.83 -70 22 52.2 0.07   4.74 16.29 15.64 15.21 14.83 # Evs HV2345  
5  8  6.90 -68 41  6.6 0.07   3.59 16.43 15.97 15.57 15.19 # KMS SW-341  
5  8  9.24 -69 15 46.2 0.07   3.10 16.79 16.22 15.81 15.46 # Ogle 118714 
5  8  9.60 -68 10 36.1 0.17   2.38 16.63 16.21 15.96 15.70 # Evs HV5604  
5  8 10.61 -69  7 45.6 0.13  10.04 17.55 17.39 17.15 17.04 # Ogle 130631 
5  8 17.62 -70 11 28.9 0.20   5.07 15.79 15.26 14.87 14.62 # Evs HV12555 
5  8 17.92 -68 46 45.9 0.03  30.39 14.42 13.48 12.88 12.47 # Ogle 162232 
5  8 20.45 -69 10 15.9 0.11   1.81 16.82 16.22 15.76 15.49 # Ogle 124360 
5  8 21.04 -69  7 16.2 0.17   0.66 17.60 17.07 16.29 16.65 # Ogle 130342 
5  8 30.10 -69  7 41.8 0.11   2.79 16.55 16.15 15.67 15.47 # Ogle 130217 
5  8 30.32 -69  8 45.7 0.11   3.38 16.66 16.12 15.63 15.37 # Ogle 130198 
5  8 34.96 -68 48 58.3 0.03   2.71 16.79 16.28 15.95 15.59 # Ogle 156885 
5  8 42.80 -68 45 31.9 0.05   8.56 15.14 14.69 14.23 13.84 # Ogle 250938 
5  8 43.28 -69  8 25.3 0.11   4.21 16.56 15.76 15.24 14.93 # Ogle 217088 
5  8 43.68 -68 45 26.8 0.06  18.66 14.48 13.97 13.52 13.05 # Ogle 250872 
5  8 46.30 -68 45 38.9 0.04   5.57 14.37 14.13 13.99 14.03 # Ogle 250925 
5  8 46.26 -68 10 29.6 0.17   8.90 15.21 14.55 14.23 13.81 # Evs HV2332  
5  8 49.28 -68 59 57.9 0.03  13.88 15.06 14.28 13.89 13.39 # Ogle 227948 
5  8 53.79 -69 14 32.0 0.17   3.59 16.92 16.19 15.63 15.35 # Ogle 206018 
5  8 54.60 -68 43  8.8 0.04   7.01 15.71 15.10 14.66 14.28 # Ogle 257269 
5  8 57.34 -68 50 57.9 0.03   4.37 16.11 15.51 15.12 14.78 # Ogle 244566 
5  9  4.39 -70 21 54.1 0.03  13.63 14.86 14.21 13.74 13.38 # Evs HV2352  
5  9  6.94 -70 21  3.7 0.03   3.11 15.91 15.38 15.05 14.78 # Evs HV2353  
5  9 14.85 -69  9  1.8 0.07   3.04 16.89 16.27 15.65 15.51 # Ogle 217136 
5  9 15.63 -68 44 28.4 0.04  11.86 15.06 14.39 13.99 13.56 # Ogle 257240 
5  9 17.51 -69 17 55.3 0.17   1.52 16.68 16.18 15.77 15.59 # Ogle 200817 
5  9 20.13 -70 27 27.0 0.11  37.58 14.14 13.03 12.54 12.10 # Evs HV909   
#5  9 20.19 -68 51  3.9 0.00   0.00 15.70 14.78 14.33 13.93 # A83 N1854   
5  9 22.19 -69  7 18.3 0.09   1.07 16.38 16.16 16.31 16.33 # Ogle 306838 
5  9 26.58 -68 50 34.8 0.05   1.74 16.71 16.22 15.89 15.60 # Ogle 338308 
5  9 26.70 -68 54 11.6 0.04  11.91 15.35 14.56 14.08 13.69 # Ogle 331546 
5  9 29.50 -68 58 14.4 0.03   4.46 16.43 15.74 15.30 14.96 # Ogle 325522 
5  9 36.65 -70 17 25.5 0.06   5.83 16.45 16.58 16.61 16.71 # Evs HV12560 
5  9 49.03 -69 17  6.9 0.20   2.76 16.98 16.36 15.88 15.62 # Ogle 290607 
5  9 52.09 -69 12 28.6 0.07   1.94 17.24 16.60 16.14 15.75 # Ogle 300939 
5  9 53.28 -68 59  2.8 0.04   1.71 17.06 16.50 16.09 15.79 # Ogle 325558 
5  9 55.69 -68 49 11.9 0.04   2.77 16.95 16.36 15.87 15.57 # Ogle 338248 
5  9 56.09 -68 59 39.5 0.06   8.19 15.09 14.54 14.15 13.87 # Ogle 320035 
5  9 57.12 -69 14 35.4 0.20   0.15 14.03 14.21 14.22 14.44 # Evs 90      
5  9 59.01 -69  8 39.6 0.06   5.79 15.96 15.31 14.93 14.61 # Ogle 35605  
5 10  1.63 -69  7 43.0 0.06   1.76 16.31 15.84 15.56 15.28 # Ogle 35651  
5 10  2.67 -69  1 14.9 0.07   3.34 16.32 15.80 15.45 15.15 # Ogle 44984  
5 10  4.20 -68 53 28.4 0.05   2.71 16.72 16.19 15.81 15.50 # Ogle 54641  
5 10  5.15 -68 55 30.5 0.04   1.57 16.78 16.28 15.96 15.70 # Ogle 49799  
5 10  7.98 -68 56 25.9 0.03   2.30 16.31 15.76 15.44 15.11 # Ogle 49743  
5 10 19.42 -71 37 14.7 0.06   3.43 15.80 15.29 14.95 14.67 # Evs HV12765 
5 10 23.53 -69 10 10.0 0.04   1.96 16.77 16.23 15.86 15.54 # Ogle 31368  
5 10 34.22 -69 13 43.0 0.09   3.07 16.83 16.20 15.78 15.47 # Ogle 27261  
5 10 35.86 -69  8 17.1 0.04  13.91 15.23 14.30 13.90 13.48 # Ogle 35590  
5 10 37.15 -69 15  6.0 0.17   2.85 17.73 16.96 16.42 16.00 # Ogle 100658 
5 10 42.35 -68 48 18.4 0.13   1.74 18.13 17.61 17.30 16.94 # Ogle 132771 
5 10 43.61 -70 28 51.5 0.04   4.83 15.86 15.26 14.94 14.64 # Evs HV2365  
5 10 44.98 -69  6 27.3 0.04   1.41 17.56 17.03 16.62 16.35 # Ogle 109937 
5 10 53.12 -68 50 23.6 0.13   1.58 16.61 16.17 16.21 15.67 # Ogle 132645 
5 10 56.06 -69  1 54.7 0.06  15.13 15.07 14.18 13.63 13.25 # Ogle 119173 
5 11  3.79 -69 17 56.9 0.17   1.97 16.67 16.11 15.73 15.47 # Ogle 95827  
5 11  5.41 -70 30 34.5 0.03  14.21 15.46 14.52 14.06 13.57 # Evs HV5655  
5 11  5.89 -69  6 18.8 0.05   5.39 16.94 16.13 15.58 15.12 # Ogle 109838 
5 11 10.46 -69 18 36.2 0.17   2.48 16.22 15.68 15.28 15.03 # Ogle 95782  
5 11 11.09 -69 12 29.3 0.07   3.13 16.56 16.01 15.62 15.34 # Ogle 105186 
5 11 20.96 -69  1 19.1 0.07   1.49 17.07 16.54 16.17 15.86 # Ogle 190380 
5 11 30.87 -70 19 58.2 0.20   2.53 17.05 16.26 16.04 15.69 # Eros 3013   
5 11 34.97 -69 14 59.2 0.11   1.12 17.32 16.81 16.51 16.24 # Ogle 172729 
5 11 53.03 -69  6 48.2 0.09   8.77 15.11 14.54 14.15 13.81 # Ogle 181906 
5 11 56.33 -69 12 11.5 0.07   2.01 15.87 15.77 15.28 15.17 # Ogle 250332 
5 11 58.80 -69  3 26.0 0.07   5.07 15.22 14.65 14.26 13.98 # Ogle 259946 
5 12  2.81 -68 57  9.5 0.13   1.91 16.58 15.97 15.64 15.31 # Ogle 269402 
5 12  6.32 -69 13  6.1 0.07   3.97 15.84 15.50 15.10 14.86 # Ogle 245266 
5 12 13.10 -69 11 52.3 0.07   2.30 15.88 15.58 15.24 14.99 # Ogle 250300 
5 12 25.89 -69 13 56.7 0.09  10.35 15.14 14.62 14.08 13.75 # Ogle 245236 
5 12 29.69 -69  7 15.8 0.13   1.18 16.56 16.48  0.00 16.40 # Ogle 52800  
5 12 34.51 -69 12 34.0 0.11   4.00 16.48 15.86 15.49 15.08 # Ogle 45301  
5 12 45.31 -69 16  2.9 0.17   3.03 16.82 16.22 15.87 15.46 # Ogle 38558  
5 13 27.85 -69 11 51.5 0.20   2.32 16.21 15.65 15.46 15.05 # Ogle 140763 
5 14 37.59 -70 46  9.8 0.20   3.80 15.88 15.42 15.05 14.83 # Evs HV2404  
5 14 41.61 -70 42 32.3 0.07   6.92 15.88 15.16 14.70 14.37 # Evs HV2405  
5 14 49.34 -69 12 40.8 0.09   1.97 16.37 15.95 15.57 15.35 # Ogle 342099 
5 15 11.28 -69 15  7.4 0.11   3.18 16.76 16.14 15.74 15.39 # Ogle 52641  
#5 15 12.46 -69 13  7.7 0.13   0.00 15.55 15.10 14.86 14.65 # KMS new5    
5 15 16.59 -69  8  8.6 0.20   3.45 16.80 15.95 15.52 15.23 # Ogle 64736  
5 15 17.04 -70 41 34.4 0.17   3.52 16.29 15.74 15.31 15.07 # Evs HV2417  
5 15 18.58 -69 13 31.7 0.11   7.98 15.65 14.96 14.48 14.11 # Ogle 52582  
5 15 28.92 -69 13 59.7 0.20   4.44 18.14 17.93 17.57 17.62 # Ogle 52604  
5 15 36.96 -69  8 15.9 0.20   3.54 16.63 15.99 15.62 15.28 # Ogle 64734  
5 15 38.16 -69 15 19.6 0.17   7.29 15.30 14.76 14.41 14.07 # Ogle 145094 
5 15 45.76 -69 14 30.0 0.17   3.45 16.69 16.09 15.71 15.33 # Ogle 145110 
5 16  3.62 -69 14 52.1 0.20   6.78 16.42 15.64 15.19 14.71 # Ogle 145100 
5 16 11.57 -69 15 25.6 0.20   2.82 16.89 16.29 15.94 15.55 # Ogle 145136 
5 17 17.96 -69 32 59.5 0.20   4.79 16.17 15.47 14.93 14.72 # Ogle 298699 
5 17 32.01 -69 25  9.2 0.20   5.38 17.81 16.77 16.08 15.71 # Ogle 55965  
5 17 40.02 -69 41 53.6 0.17   2.68 16.19 15.69 15.18 15.12 # Ogle 14108  
5 17 41.02 -69 41 25.5 0.17   3.34 16.79 16.16 15.60 15.35 # Ogle 21803  
5 17 42.32 -69 30 32.5 0.17   2.42 16.06 15.66 15.27 15.00 # Ogle 47332  
5 17 49.88 -69 28 29.4 0.20   1.31 17.65 17.08 16.44 16.34 # Ogle 47466  
5 17 54.85 -69 34 54.9 0.17   4.11 16.12 15.61 15.30 14.93 # Ogle 30199  
5 17 56.33 -69 34 52.8 0.17   3.29 16.08 15.63 15.24 15.03 # Ogle 30200  
5 17 56.39 -69 38 53.0 0.17   4.81 16.34 15.66 15.16 14.81 # Ogle 21841  
5 18  1.01 -69 37 12.2 0.17   3.40 18.56 17.31 16.76 16.32 # Ogle 30165  
5 18  3.59 -69 25 35.9 0.20   6.73 15.98 15.29 14.75 14.35 # Ogle 55964  
5 18  6.42 -69 39  0.1 0.13   3.79 16.49 15.96 15.47 15.26 # Ogle 21940  
5 18 13.76 -68 19 30.7 0.09  10.92 15.02 14.24 13.96 13.50 # Evs HV2432  
5 18 27.97 -69 27 45.9 0.13   4.38 16.54 15.85 15.37 15.01 # Ogle 165501 
5 18 28.85 -69 34  1.1 0.09   3.48 16.84 16.31 15.92 15.54 # Ogle 157381 
5 18 33.37 -69 32 15.2 0.11   2.34 16.26 15.82 15.37 15.11 # Ogle 157350 
5 18 35.29 -69 36  3.1 0.07   1.42 16.33 16.02 15.69 15.46 # Ogle 149541 
5 18 38.76 -69 35 16.4 0.07   3.27 16.66 16.07 15.70 15.36 # Ogle 149485 
5 18 40.79 -69 25 16.1 0.13   3.77 17.33 16.54 15.96 15.56 # Ogle 174573 
5 18 41.75 -69 38 22.7 0.07   6.46 16.09 15.36 14.87 14.48 # Ogle 142153 
5 18 50.94 -69 39 12.5 0.07   4.21 16.02 15.52 15.08 14.81 # Ogle 262813 
5 18 51.03 -69 26 41.3 0.11   1.53 17.05 16.46 16.18 15.66 # Eros 4030   
5 18 55.85 -69 26 27.5 0.13   1.98 17.32 16.71 16.36 15.98 # Ogle 295263 
5 18 56.26 -69 34  2.4 0.04   3.72 16.69 16.05 15.59 15.24 # Ogle 278113 
5 19  2.45 -69 40  9.7 0.09   5.51 15.59 15.10 14.83 14.45 # Ogle 262801 
5 19 14.69 -69 36 17.9 0.06  13.28 15.03 14.38 13.85 13.41 # Ogle 270379 
5 19 15.22 -69 41 28.0 0.13   5.58 16.10 15.42 14.90 14.55 # Ogle 262785 
5 19 17.05 -69 30 25.0 0.05   5.10 16.00 15.46 15.02 14.73 # Ogle 286535 
5 19 27.62 -69 30 30.1 0.05  21.61 15.11 14.01 13.44 12.97 # Ogle 286532 
5 19 31.38 -69 29  9.0 0.06   2.19 16.25 15.80 15.45 15.17 # Ogle 406371 
5 19 32.10 -69 36 33.6 0.06   1.91 17.15 16.56 16.18 15.78 # Ogle 388163 
5 19 32.23 -69  4 46.0 0.13   1.27 17.82 17.27 17.06 16.62 # Ogle 460292 
5 19 37.90 -69 37 44.2 0.04   5.67 16.11 15.37 14.92 14.54 # Ogle 388032 
5 19 39.10 -68 58 40.2 0.17   1.19 17.56 16.97 16.61 16.35 # Ogle 472718 
5 19 40.18 -69 34 18.9 0.06   3.53 16.61 16.08 15.70 15.37 # Ogle 397050 
5 19 40.77 -69 23 49.6 0.20   2.62 16.83 16.33 15.85 15.49 # Ogle 424890 
#5 19 50.82 -69 28 23.8 0.07   0.00 15.68 15.98 15.86 16.15 # Evs HV12015 
5 20  3.25 -69 25  1.2 0.13   1.74 16.64 16.19 15.76 15.52 # Ogle 85035  
5 20 10.23 -70  9  3.6 0.20   1.80  0.00 19.05 18.43 18.12 # Ogle 40943  
5 20 18.92 -69 26 45.7 0.11   2.95 15.56 15.12 14.82 14.61 # Ogle 75997  
5 20 22.91 -69  2 16.8 0.13  31.96 13.83 13.14 12.38 12.39 # Evs HV5761  
5 20 28.60 -69  1 31.2 0.06  13.95 14.99 14.22 13.81 13.35 # Evs HV2463  
5 20 31.04 -69 32 13.9 0.11   2.71 16.56 16.08 15.71 15.40 # Ogle 66641  
5 20 37.22 -69 30 56.6 0.13   8.69 15.61 14.86 14.41 14.02 # Ogle 66530  
5 20 42.29 -70  9 50.6 0.17   2.99 16.96 16.31 15.77 15.49 # Ogle 88984  
5 20 42.65 -70 15 26.9 0.20   3.37 15.70 15.23 14.79 14.55 # Ogle 85282  
5 20 54.17 -70 12 22.9 0.11   1.69 16.33 15.98 15.55 15.39 # Ogle 85343  
#5 21  4.88 -70 12 18.4 0.11   0.00 15.98 15.68 15.20 15.04 # KMS new4    
5 21  4.39 -69 35  5.5 0.17   1.36 17.02 16.43 16.08 15.75 # Ogle 179066 
5 21  5.06 -69 40 35.6 0.17   4.26 16.81 16.01 15.58 15.11 # Ogle 170439 
5 21 12.38 -69  3  6.9 0.13  23.57 14.01 13.31 12.91 12.53 # Evs HV938   
5 21 16.42 -70 11 25.3 0.09   4.50 16.51 15.79 15.26 14.97 # Ogle 136142 
5 21 20.05 -69 40 54.6 0.17   1.62 16.61 16.11 15.80 15.48 # Ogle 280559 
5 21 22.35 -70 10 31.6 0.09   2.67 16.06 15.57 15.11 14.85 # Ogle 136150 
5 21 26.69 -70  8 38.2 0.20   3.77 15.95 15.32 14.93 14.53 # Ogle 136158 
5 21 56.03 -70 15 41.3 0.20   1.07 18.06 16.70 15.82 15.02 # Ogle 179043 
5 21 58.57 -70 16 35.1 0.20   1.49 18.52 18.11 17.72 17.50 # Ogle 179265 
5 22  1.07 -68 51 32.1 0.13   6.32 15.96 15.27 14.80 14.43 # Evs HV2470  
5 22  6.62 -70 16 11.3 0.20   1.08 17.27 16.84 16.40 16.20 # Eros 4018   
#5 22 42.54 -68 51  2.6 0.13   0.00 13.88 13.86 13.63 13.68 # KMS new2    
5 23 35.03 -69 27 35.4 0.20   4.94 17.04 17.22 17.20 17.29 # Ogle 201322 
5 24 13.11 -69 30  1.1 0.11  13.13 15.74 14.78 14.37 13.84 # Ogle 315434 
5 24 33.34 -69 56 25.5 0.20   5.85 18.78 17.51 16.96 16.43 # Ogle 364380 
5 24 43.37 -69 30 26.2 0.17   6.70 16.01 15.34 14.98 14.50 # Ogle 432746 
5 24 50.23 -70  3 58.3 0.13   2.44 15.93 15.40 15.11 14.84 # Ogle 349510 
5 24 52.63 -70  0 56.2 0.13   2.94 16.91 16.21 15.82 15.48 # Ogle 356870 
5 25  4.12 -70  6 30.4 0.17   5.01 16.57 15.78 15.31 14.91 # Ogle 13514  
5 25 10.45 -70  5 11.0 0.11   2.92 15.81 15.24 14.94 14.67 # Ogle 20960  
5 25 12.83 -69 56 51.7 0.07   3.48 15.73 15.12 14.82 14.49 # Ogle 36200  
5 25 15.22 -69 51  0.0 0.09   6.62 16.16 15.25 14.83 14.43 # Ogle 53458  
5 25 17.97 -69 49 37.8 0.09   5.94 15.94 15.19 14.93 14.43 # Ogle 53468  
5 25 18.52 -69 27  5.4 0.20   1.87 17.48 17.00 16.68 16.24 # Ogle 105884 
5 25 21.07 -69 50 17.8 0.09   5.98 16.48 15.60 15.18 14.67 # Ogle 53514  
5 25 21.37 -69 49  1.9 0.07   5.23 15.94 15.11 14.54 14.56 # Ogle 53552  
5 25 23.40 -69 52 33.0 0.07   1.16 17.56 17.07 16.70 16.49 # Ogle 45203  
5 25 26.28 -69 49 50.0 0.07   1.29 18.13 17.44 17.07 16.55 # Eros 3002   
5 25 27.17 -69 49 29.6 0.09   6.41 15.95 15.16 14.72 14.41 # Ogle 53546  
5 25 28.46 -70 11 59.7 0.20   4.08 16.39 15.72  0.00 14.97 # Ogle 6353   
5 25 28.79 -69 54 45.1 0.04   6.06 16.09 15.36 14.99 14.55 # Ogle 44876  
5 25 28.93 -69 50  3.6 0.09   9.38 17.57 16.34 15.74 14.95 # Ogle 53528  
5 25 29.27 -69 55 13.2 0.04   6.81 16.38 15.48 14.94 14.52 # Ogle 36266  
5 25 30.24 -69 52 16.2 0.06   7.18 15.65 14.89 14.55 14.13 # Ogle 44867  
5 25 30.32 -69 50 13.9 0.07   5.57 15.88 15.49 15.06 14.64 # Ogle 53518  
5 25 31.43 -69 50  4.1 0.07   7.68 16.95 15.92 15.30 14.78 # Ogle 53527  
5 25 34.41 -69 50  8.6 0.07   5.40 16.52 15.33 14.84 14.41 # Ogle 53463  
5 25 35.39 -71  8  6.5 0.20   6.78 15.68 14.95 14.61 14.20 # Evs HV2523  
5 25 39.12 -71  6 40.0 0.20  12.95 15.49 14.62 14.16 13.73 # Evs HV2527  
5 25 39.81 -70  1 33.6 0.07   1.89 17.03 16.40 16.00 15.65 # Ogle 152290 
5 25 40.59 -69 50 13.9 0.07   8.80 16.05 15.13 14.73 14.32 # Ogle 176266 
5 25 41.21 -69 50 53.1 0.07   6.81 15.60 14.61 14.13 13.65 # Ogle 176263 
5 25 44.50 -69 49 47.0 0.07   2.98 15.75 15.18 14.90 14.58 # Ogle 176307 
5 25 48.50 -67 21  6.6 0.07  13.73 14.54 14.02 13.62 13.24 # Evs HV955   
5 25 52.59 -70  5 31.1 0.07   2.14 16.07 15.60 15.27 15.03 # Ogle 145322 
5 25 53.15 -69 53 11.2 0.04   3.08 16.29 15.63 15.27 14.90 # Ogle 167981 
5 25 54.90 -69 54 52.0 0.04   4.68 16.32 15.64 15.28 14.90 # Ogle 167947 
5 25 56.34 -70  9  1.7 0.11   2.02 16.77 16.10 15.80 15.41 # Ogle 138319 
5 25 59.15 -69 49 14.6 0.06   1.11 17.25 16.66 16.39 16.10 # Eros 4019   
5 25 58.65 -70  9 50.0 0.17   3.12 15.74 15.11 14.76 14.48 # Ogle 131738 
5 25 59.15 -69 54 49.8 0.04  12.36 15.63 14.67 14.20 13.73 # Ogle 167923 
5 26  0.53 -69 53 34.2 0.04   3.14 16.28 15.57 15.20 14.83 # Ogle 167975 
5 26  2.04 -69 52 10.6 0.06   0.73 17.58 17.11 16.84 16.61 # Ogle 168269 
5 26  6.25 -69 50 25.1 0.06   7.29 15.98 15.14 14.70 14.26 # Ogle 176264 
5 26  7.95 -69 51 32.2 0.06   5.60 16.03 15.24 14.94 14.53 # Ogle 176276 
5 26 18.03 -69 48 33.8 0.09   5.28 16.28 15.33 14.98 14.55 # Ogle 295958 
5 26 19.03 -69 48  9.1 0.13   4.04 16.53 15.64 15.41 14.95 # Ogle 296040 
5 26 19.60 -69 53 19.2 0.07   2.24 16.01 15.46 15.23 14.95 # Ogle 287408 
5 26 25.48 -69 53 21.2 0.05   3.21 15.57 15.00 14.76 14.46 # Ogle 287407 
5 26 27.18 -69 58 57.7 0.06   1.26 18.48 17.98 17.74 17.37 # Ogle 272276 
5 26 28.88 -69 51 20.6 0.06   3.09 16.61 15.84 15.70 15.27 # Ogle 296047 
5 26 32.17 -69 50 26.8 0.07   4.13 17.64 16.52 15.70 14.83 # Ogle 296000 
5 26 33.38 -70  6 56.7 0.07   2.18 16.84 16.21 15.77 15.40 # Ogle 257661 
5 26 36.13 -69 49 19.0 0.07   3.55 16.41 15.81 15.44 15.11 # Ogle 296023 
5 26 38.06 -70  9  2.2 0.09   3.13 16.92 16.17 15.78 15.43 # Ogle 257644 
5 26 44.67 -69 48 10.2 0.09   7.52 15.51 14.90 14.57 14.15 # Ogle 295966 
5 26 48.75 -69 51 34.3 0.07   4.17 15.36 14.82 14.43 14.17 # Ogle 295932 
5 26 52.31 -70  8 29.3 0.09   2.71 16.90 16.32 15.87 15.59 # Ogle 257687 
5 26 55.48 -70  1  4.6 0.04   4.94 15.85 15.27 14.87 14.56 # Ogle 271225 
5 26 55.89 -69 58 49.4 0.03  28.10 15.01 13.81 13.28 12.77 # Evs HV2540  
5 26 55.82 -70  4 47.9 0.05   7.17 15.95 15.18 14.77 14.37 # Ogle 264185 
5 26 59.46 -69 51 11.1 0.05   5.88 15.64 14.99 14.65 14.32 # Ogle 417848 
5 27  0.59 -71 38 35.8 0.07  16.21 14.34 13.67 13.36 12.93 # Evs HV2549  
5 27  0.74 -69 47 47.1 0.13   0.67 17.84 17.39 17.19 16.88 # Ogle 427313 
5 27  3.54 -70  1 34.6 0.04   4.48 16.31 15.66 15.27 14.90 # Ogle 391242 
5 27  4.99 -69 50 45.1 0.06   8.07 15.72 14.93 14.55 14.19 # Ogle 417853 
5 27  7.81 -68 29 43.0 0.11  13.87 15.32 14.50 14.05 13.53 # Evs HV2538  
5 27 11.33 -69 56 14.2 0.04   2.60 15.98 15.43 15.14 14.87 # Ogle 399434 
5 27 15.04 -70  0 47.2 0.04   4.46 15.85 15.26 14.98 14.66 # Ogle 391223 
5 27 17.16 -69 58 53.7 0.03   1.58 17.38 16.83 16.53 16.24 # Ogle 391365 
5 27 21.07 -70  0 40.0 0.03   3.48 16.12 15.44 15.10 14.74 # Ogle 391255 
5 27 21.28 -69 52 20.1 0.07   7.07 15.66 14.86 14.62 14.16 # Ogle 408742 
5 27 22.97 -69 50 58.6 0.07   7.37 15.98 15.13 14.73 14.32 # Ogle 417850 
5 27 32.64 -69 49 15.4 0.07   4.58 15.42 14.76 14.44 14.11 # Ogle 53242  
5 27 34.02 -69 51 23.1 0.06   7.50 15.45 14.58 14.36 13.87 # Ogle 53226  
5 27 36.70 -69 53 43.6 0.04   7.32 15.48 14.77 14.38 14.08 # Ogle 44256  
5 27 37.60 -69 57 53.2 0.04   4.02 15.40 14.92 14.56 14.27 # Ogle 35233  
5 27 36.97 -69 56 27.6 0.03   3.71 16.63 15.96 15.52 15.18 # Ogle 35297  
5 27 40.02 -69 55 46.5 0.03   2.77 16.17 15.56 15.26 14.93 # Ogle 35307  
5 27 42.95 -70  0 50.6 0.03  15.84 15.12 14.12 13.65 13.17 # Ogle 26910  
5 27 43.51 -70  8 43.1 0.09   2.76 16.93 16.26 15.85 15.55 # Ogle 11987  
5 27 49.52 -69 46 17.6 0.13   1.47 17.00 16.46 16.11 15.86 # Ogle 62742  
5 27 55.03 -69 48  4.2 0.07   7.44 15.38 14.71 14.36 13.96 # Ogle 62624  
5 27 57.74 -69 53 49.1 0.03   2.54 17.14 16.52 16.16 15.80 # Ogle 44391  
5 28 15.62 -67  3 58.4 0.06   9.30 14.95 14.48 14.08 13.73 # Evs HV971   
5 28 19.69 -69 58  0.2 0.03   3.42 16.59 15.94 15.59 15.27 # Ogle 153983 
5 28 22.91 -69 51 36.9 0.06   2.09 16.41 15.86 15.57 15.26 # Ogle 170223 
5 28 23.13 -69 52  4.4 0.06   2.58 15.90 15.38 14.99 14.78 # Ogle 162180 
5 28 29.66 -69 52 37.2 0.05   7.23 15.69 14.89 14.53 14.10 # Ogle 162132 
5 28 31.43 -69 58 10.1 0.04   5.04 16.18 15.52 15.14 14.70 # Ogle 153982 
5 28 31.93 -69 50 54.6 0.06   7.57 15.93 15.06 14.66 14.22 # Ogle 170205 
5 28 35.12 -69 51 23.8 0.06   6.89 15.36 14.81 14.47 14.12 # Ogle 170203 
5 28 38.13 -69 58  2.5 0.04  12.26 15.37 14.49 14.07 13.59 # Ogle 153951 
5 28 43.58 -69 50  3.6 0.07   5.29 16.05 15.35 14.75 14.62 # Ogle 170248 
5 28 45.49 -69 52  7.1 0.05   6.52 16.13 15.13 14.75 14.49 # Ogle 162135 
5 28 51.46 -69 50  4.8 0.07   4.12 16.33 15.61 15.21 14.85 # Ogle 282040 
5 28 53.62 -70  4 10.6 0.05   4.61 17.72 16.70 16.13 15.48 # Ogle 250776 
5 28 57.77 -70  7 16.1 0.11   1.04 17.60 16.95 16.80 16.61 # Ogle 243639 
5 29  2.94 -69 53 25.4 0.04   2.45 16.32 15.73 15.37 15.02 # Ogle 274410 
5 29  5.92 -70  5 40.9 0.09   2.37 15.99 15.48 15.21 14.93 # Ogle 250696 
5 29  8.29 -69 56  4.8 0.06  10.01 17.09 16.51 16.15 15.78 # Ogle 266664 
5 29 12.51 -69 53 27.2 0.05   4.04 15.81 15.22 14.85 14.47 # Ogle 274376 
5 29 14.58 -69 31  5.8 0.17   7.41 16.04 15.17 14.82 14.35 # Ogle 317016 
5 29 15.30 -69 30 41.0 0.17   2.35 15.77 15.35 15.12 14.87 # Ogle 317051 
5 29 16.53 -67 28 21.9 0.06  13.43 14.70 14.04 13.63 13.24 # Evs HV2579  
5 29 19.25 -69 49 54.0 0.09   2.36 16.45 15.78 15.51 15.05 # Ogle 282042 
5 29 21.44 -69 27 59.5 0.13   4.68 15.63 15.25 14.93 14.60 # Ogle 322990 
5 29 21.97 -69 18 44.3 0.09  11.26 15.60 14.74 14.28 13.84 # Evs HV2585  
5 29 25.66 -66 14 23.1 0.03  16.92 14.82 14.01 13.53 13.14 # Evs HV2580  
5 29 28.56 -69 48  0.7 0.09   4.07 17.45 16.94 16.67 16.32 # Ogle 290130 
5 29 33.22 -69 21  1.8 0.09   6.23 15.94 15.26 14.78 14.49 # Ogle 444282 
5 29 33.86 -70  0 33.4 0.07   4.92 16.24 15.55 15.15 14.77 # Ogle 368172 
5 29 38.58 -69 47 29.6 0.13   3.53 15.88 15.25 14.89 14.52 # Ogle 400608 
5 29 41.92 -69 51 55.0 0.04   5.94 16.20 15.41 14.98 14.52 # Ogle 384989 
5 29 48.51 -69 49 51.1 0.09   5.34 15.98 15.40 15.02 14.63 # Ogle 393051 
5 29 49.70 -67  4 14.8 0.20   3.02 15.79 15.63 15.20 15.12 # Evs HV5877  
5 29 57.68 -69 50 52.4 0.07   2.03 16.61 16.01 15.63 15.31 # Ogle 63342  
5 29 58.41 -65 54 20.4 0.01   9.11 15.09 14.49 14.13 13.85 # Evs HV12816 
5 30  2.14 -69 53  1.0 0.07  15.99 15.72 14.65 14.08 13.55 # Ogle 55470  
5 30  2.44 -65 56  1.8 0.02  26.11 14.39 13.48 12.98 12.54 # Evs HV12815 
5 30  3.48 -67 33 24.6 0.17   3.58 15.87 15.45 15.18 14.89 # Evs HV980   
5 30  4.10 -69 59 40.2 0.17   2.18 16.27 15.74 15.44 15.17 # Ogle 39166  
5 30  4.30 -69 56 46.7 0.09   6.29 15.63 15.08 14.72 14.23 # Ogle 47348  
5 30 13.47 -69 26 15.7 0.07  23.04 14.80 13.85 13.31 12.90 # Ogle 108984 
5 30 14.11 -70  3 49.6 0.17   2.71 16.75 16.17 15.75 15.55 # Ogle 31081  
5 30 14.56 -69 44 22.6 0.20   2.59 16.38 16.08 15.68 15.44 # Ogle 78835  
5 30 18.24 -69 48 15.2 0.11   2.75 16.06 15.52 15.19 14.82 # Ogle 70874  
5 30 21.16 -69 34 25.2 0.13   4.17 16.38 15.70 15.36 15.05 # Ogle 91891  
5 30 23.62 -70  0  8.7 0.17   1.71 17.41 16.86 16.53 16.28 # Ogle 39433  
5 30 27.02 -69 31 14.1 0.07  10.99 14.91 14.25 13.88 13.55 # Ogle 97934  
5 30 27.67 -69 48 32.3 0.17   1.94 16.26 15.69 15.33 15.16 # Ogle 63369  
5 30 27.87 -69 56 41.2 0.09   4.21 15.99 15.50 15.11 14.75 # Ogle 47399  
5 30 37.58 -69 46 42.8 0.13   7.09 15.78 15.20 14.75 14.35 # Ogle 180132 
5 30 38.23 -69 58  6.8 0.09   6.38 15.73 15.19 14.78 14.22 # Ogle 158654 
5 30 39.17 -69 25 43.6 0.11   3.50 16.51 15.91 15.54 15.12 # Ogle 213961 
5 30 39.83 -69 56 40.1 0.09   2.56 15.91 15.44 15.19 14.73 # Ogle 158674 
5 30 40.74 -69 45  9.2 0.20   7.55 15.62 14.81 14.53 14.02 # Ogle 180138 
5 30 41.87 -69 49 15.9 0.09   5.99 15.89 15.37 14.84 14.52 # Ogle 172934 
5 30 47.36 -69 45 42.4 0.20   3.27 15.73 15.17 14.93 14.48 # Ogle 180165 
5 30 48.46 -69 27 15.0 0.07   2.42 16.19 15.66 15.34 15.04 # Ogle 208897 
5 30 48.78 -69 48 48.4 0.09   3.24 16.76 16.17 15.74 15.34 # Ogle 172969 
5 30 52.28 -69 56 44.9 0.09   2.31 18.90 17.02 15.96 14.75 # Ogle 158672 
5 30 52.89 -69 46 26.0 0.17   5.27 15.45 14.77 14.45 14.01 # Ogle 180134 
5 30 58.38 -69 57 32.3 0.09   7.02 15.73 15.14 14.68 14.29 # Ogle 158664 
5 30 59.50 -69 35 31.5 0.13   4.66 16.42 15.68 15.31 14.88 # Ogle 198723 
5 31  0.97 -69 45 32.6 0.20   4.87 16.20 15.54 15.19 14.74 # Ogle 180167 
5 31  2.77 -69 57 12.7 0.09   3.05 16.10 15.50 15.13 14.77 # Ogle 158669 
5 31  2.97 -69 32  7.3 0.13   4.64 16.01 15.48 15.09 14.78 # Ogle 203856 
5 31 12.78 -70  4 28.5 0.20   4.23 16.51 15.75 15.35 14.95 # Ogle 143098 
5 31 13.00 -69 25 59.4 0.13   2.53 15.75 15.33 14.99 14.83 # Ogle 213909 
5 31 17.28 -70  3 31.0 0.20   2.25 16.41 15.60 15.43 15.00 # Ogle 248450 
5 31 17.54 -69 54 28.8 0.20   5.98 15.59 14.94 14.64 14.20 # Ogle 270295 
5 31 18.32 -69 36 26.7 0.17   4.83 16.35 15.68 15.51 14.89 # Ogle 300414 
5 31 18.74 -70  3  0.9 0.20   1.82 18.54 16.79 15.95 15.13 # Ogle 248540 
5 31 22.46 -69 53 23.5 0.20   3.41 16.25 15.59 15.47 14.94 # Ogle 270322 
5 31 36.70 -69 56 44.0 0.20   3.24 15.82 15.23 14.94 14.59 # Ogle 263433 
5 31 38.47 -69 56 54.4 0.20   3.88 16.81 15.99 15.71 15.16 # Ogle 263498 
5 31 38.88 -69 58 42.7 0.20   4.63 15.98 15.39 15.10 14.70 # Ogle 263407 
5 31 40.99 -69 45  3.0 0.20   1.31 17.56 17.00 16.72 16.21 # Ogle 283723 
5 31 44.38 -69 58 12.1 0.20   3.38 16.47 15.86 15.50 15.16 # Ogle 263411 
5 31 47.70 -69 57 43.1 0.20   2.46 16.26 15.72 15.42 15.05 # Ogle 263415 
5 31 50.53 -69 54 58.2 0.20   3.77 16.22 15.71 15.61 15.03 # Ogle 270310 
5 32  1.15 -69 47 53.1 0.20   2.97 16.71 16.09 15.82 15.40 # Ogle 385324 
5 33  1.01 -68 11 27.1 0.06  13.14 15.46 14.58 14.20 13.64 # Evs HV997   
5 33 26.07 -68  9 54.7 0.06   1.75 17.55 17.01 16.70 16.30 # Evs HV12906 
5 34 22.75 -68  8 51.7 0.20   3.20 16.87 16.23 15.88 15.48 # Evs HV2682  
5 34 40.10 -68  6 40.5 0.20   6.56 16.52 15.68 15.15 14.65 # Evs HV2686  
5 35 55.61 -69 48 28.2 0.11   0.56 17.79 17.36 17.01 16.76 # Ogle 136842 
5 36  6.80 -68 49 13.1 0.11  18.71 14.92 14.03 13.58 13.07 # Evs HV1005  
5 36  9.07 -69 50  5.9 0.11   3.62 16.64 16.00 15.59 15.18 # Ogle 132436 
5 36 24.64 -69 54  1.8 0.20   2.07 18.94 17.71 17.12 16.49 # Ogle 194279 
5 36 28.29 -69 49 15.3 0.11  10.07 15.59 14.75 14.28 13.86 # Ogle 198114 
5 36 28.94 -66 41 19.3 0.17   3.74 16.35 15.74 15.26 15.02 # Evs HV5971  
5 37 17.21 -66 45 18.6 0.07   8.72 15.28 14.68 14.30 13.96 # Evs HV2733  
5 37 17.83 -70 17 42.8 0.20   3.15 17.26 16.37 15.92 15.54 # Ogle 226230 
5 37 22.49 -69 29 00.0 0.07  14.21 15.23 14.36 13.91 13.44 # Evs HV1006  
5 37 22.54 -70 12 16.3 0.20   3.74 16.85 15.65 15.65 15.03 # Ogle 235434 
5 37 22.66 -70 23 43.8 0.20   4.65 16.36 15.79 15.19 14.96 # Ogle 222446 
5 37 23.72 -70  9 45.0 0.20   1.94 17.83 16.60 15.81 15.25 # Ogle 235485 
5 37 29.98 -70 13 57.8 0.20   4.04 15.91 15.66 15.09 14.98 # Ogle 33299  
5 37 30.19 -70 22 34.6 0.20   5.05 16.40 15.74 15.23 14.94 # Ogle 24561  
5 37 33.72 -70 23  7.4 0.20   3.27 16.57 16.11 15.51 15.34 # Ogle 24585  
5 37 35.46 -70 14  9.1 0.20   4.39  0.00 15.55 15.21 14.96 # Ogle 33292  
5 37 37.16 -70 32  1.2 0.20   2.52 16.70 15.88 15.54 15.14 # Ogle 11199  
5 37 37.17 -70 20 47.2 0.20   4.30 16.30 15.79 15.30 15.09 # Ogle 24574  
5 37 37.53 -70 25 52.3 0.20   4.66 15.71 15.41 14.90 14.76 # Ogle 19793  
5 37 38.29 -70 29 51.9 0.20   4.23 16.43 15.75 15.21 14.95 # Ogle 15426  
5 37 38.69 -70 14 43.5 0.20   1.85 16.50 16.09 15.60 15.41 # Ogle 33351  
5 37 38.74 -70 14  6.3 0.20   3.64 15.54 15.65  0.00 15.81 # Ogle 33368  
5 37 38.83 -70 16  5.3 0.20   3.42 19.04 17.38 16.43 15.73 # Ogle 33268  
5 37 41.46 -70 15 36.9 0.20   3.26 15.95 15.43 15.01 14.75 # Ogle 33271  
5 37 45.57 -70 19 44.2 0.20   8.25 18.80 17.06 16.00 15.10 # Ogle 29509  
5 37 47.27 -70 23 13.5 0.20   2.03 17.29 16.42 16.05 15.60 # Ogle 24582  
5 37 48.03 -70 13 56.8 0.20   5.78 16.64 15.82 15.28 14.91 # Ogle 33301  
5 37 49.71 -70 10 17.2 0.20   5.35 17.17 15.83 15.58 14.92 # Ogle 39482  
5 37 50.27 -70 20 42.7 0.20   2.15 17.22 16.37 15.94 15.51 # Ogle 24611  
5 37 51.45 -70 28 39.9 0.20   2.01 17.33 16.55 16.05 15.72 # Ogle 15475  
5 37 51.22 -70 17 57.0 0.20   2.17 17.07 16.24 15.91 15.49 # Ogle 29040  
5 37 54.47 -70 23 49.1 0.20   4.56 17.17 16.34 15.69 15.34 # Ogle 19805  
5 37 57.39 -70 11 17.6 0.20   2.11 17.09 16.39 15.95 15.58 # Ogle 39517  
5 38  3.63 -70 31 31.7 0.20   6.13 16.72 15.60 15.21 14.70 # Ogle 11204  
5 38  4.31 -70 20 29.3 0.20   8.49 17.52 16.83 16.35 15.92 # Ogle 24613  
5 38  4.43 -70 17 49.0 0.20   2.93 16.76 15.87 15.53 15.08 # Ogle 29007  
5 38  9.66 -70 22 40.9 0.20   3.53 17.08 16.05 15.75 15.25 # Ogle 94946  
5 38  8.44 -70 26 25.6 0.20   1.77 16.78 16.27 15.81 15.62 # Ogle 91102  
5 38 13.17 -70 21  6.0 0.20   2.30 16.61 16.03 15.59 15.29 # Ogle 94971  
5 38 13.59 -70 17 22.9 0.20   4.11 18.44 17.17 16.61 15.91 # Ogle 99137  
5 38 16.96 -70 19 37.9 0.17   2.31 16.37 15.86 15.49 15.19 # Ogle 99111  
5 38 17.04 -70 22 54.5 0.17   1.83 16.71 16.11 15.83 15.46 # Ogle 94941  
5 38 17.07 -70 26 21.2 0.17   5.13 17.16 16.27 15.75 15.22 # Ogle 91079  
5 38 19.21 -70 27 47.9 0.20   2.05 16.98 16.37 15.58 15.61 # Ogle 87209  
5 38 19.54 -70 16 19.6 0.17   2.02 17.21 16.37 15.96 15.60 # Ogle 102956 
5 38 20.20 -70 11 41.1 0.20   2.45 17.86 16.86 16.25 15.72 # Ogle 107167 
5 38 26.68 -70 23 12.6 0.13   2.68 16.23 15.64 15.29 14.97 # Ogle 94909  
5 38 31.42 -70 27 52.4 0.20   3.20 16.48 16.17 15.50 15.43 # Ogle 87208  
5 38 35.92 -70 22  7.6 0.13   2.19 16.87 16.21 15.89 15.40 # Ogle 94959  
5 38 36.71 -70 27 16.4 0.20   3.55 16.88 15.77 15.65 15.09 # Ogle 91089  
5 38 40.42 -70 21 20.0 0.20   3.31 17.56 17.28 16.97 17.17 # Ogle 94969  
5 38 43.03 -70 21 29.5 0.13   3.58 16.68 16.13 15.62 15.41 # Ogle 94967  
5 38 44.55 -70 11 24.0 0.20   0.91 18.98 17.38 16.78 15.93 # Ogle 107170 
5 38 47.04 -70 17  9.0 0.17   1.92 17.36 16.59 16.26 15.76 # Ogle 99139  
5 38 50.55 -70 29 39.1 0.20   1.88 16.29 15.87 15.50 15.31 # Ogle 146711 
5 38 51.30 -70 20 12.7 0.13   5.75 16.89 16.05 15.56 15.03 # Ogle 157914 
5 38 51.36 -70 29 35.7 0.20   1.51 16.67 16.35 15.87 15.77 # Ogle 146713 
5 38 54.62 -70 18 42.6 0.11  11.53 16.06 15.07 14.57 14.03 # Ogle 157908 
5 38 54.61 -70 20 59.0 0.11   1.74 17.59 16.86 16.41 15.99 # Ogle 153986 
5 38 56.26 -70 23  1.9 0.11   9.35 16.96 15.73 15.21 14.52 # Ogle 153923 
5 38 57.13 -70 11 14.9 0.20   3.72 18.61 17.39 16.66 16.03 # Ogle 165084 
5 39  2.17 -70 26 15.2 0.11   0.81 18.37 17.68 17.31 16.90 # Ogle 150217 
5 39  3.86 -70 18 35.6 0.11   1.85 16.79 16.44 15.85 15.57 # Ogle 157955 
5 39  8.05 -70 20 16.7 0.11   7.96 15.63 14.93 14.52 14.22 # Ogle 153917 
5 39 14.20 -70 14 10.9 0.20   2.09 17.67 16.86 16.34 15.86 # Ogle 161756 
5 39 15.46 -70 18 48.5 0.11   3.00 17.40 16.61 16.19 15.71 # Ogle 157949 
5 39 25.56 -70 20 58.9 0.13  10.04 15.76 14.88 14.44 13.97 # Ogle 153916 
5 39 32.13 -70 28  3.9 0.20   2.11 16.28 15.78 15.45 15.19 # Ogle 200426 
5 39 32.34 -70 26 28.0 0.13   6.59 16.44 15.58 15.07 14.70 # Ogle 203718 
5 39 32.99 -70 19 37.5 0.17   2.21  0.00 19.08 18.50 17.65 # Ogle 211311 
5 39 32.40 -70 21 48.0 0.11   2.13 16.75 16.11 15.74 15.30 # Ogle 207502 
5 39 33.18 -70 22 34.6 0.13   3.64 16.74 16.01 15.59 15.15 # Ogle 207457 
5 39 37.85 -70 23 22.0 0.17   8.28 19.83 18.80 18.12 17.51 # Ogle 207446 
5 39 40.97 -70 20  0.4 0.11   3.07 16.40 15.73 15.34 14.92 # Ogle 211288 
5 39 41.74 -70 22  7.4 0.13   2.32 16.50 15.90 15.55 15.13 # Ogle 207496 
5 39 44.30 -70 16 28.9 0.20   4.79 16.94 16.05 15.51 15.09 # Ogle 214828 
5 39 44.76 -70 19 14.0 0.17   2.11 18.44 17.42 16.76 16.04 # Ogle 211372 
5 39 44.91 -70 30 47.3 0.20   2.46 17.51 16.70  0.00 15.89 # Ogle 200392 
5 39 47.24 -70 24 42.6 0.13   4.10 16.85 16.10 15.70 15.09 # Ogle 203764 
5 39 50.14 -70 13 26.6 0.20   4.92 17.13 16.13 15.68 15.16 # Ogle 214838 
5 39 51.27 -70 28 52.0 0.20   2.87 16.53 15.95 15.61 15.34 # Ogle 200415 
5 39 52.63 -70 25 54.5 0.11   3.78 16.30 15.71 15.38 14.91 # Ogle 203724 
5 39 55.66 -70 15 12.8 0.17   1.95 17.21 16.49 16.14 15.66 # Ogle 33591  
5 39 59.21 -70 19 46.4 0.13   2.02 16.86 16.18 15.85 15.37 # Ogle 29237  
5 40  1.83 -70 16 13.2 0.13   5.56 18.65 17.24 16.50 15.69 # Ogle 33576  
5 40  5.19 -70 30 11.1 0.20   2.31 17.28 16.52 15.97 15.58 # Ogle 17724  
5 40  6.27 -70 23 31.3 0.11   3.58 16.50 16.03 15.56 15.21 # Ogle 25015  
5 40  7.85 -70 15  4.7 0.17   2.30 18.61 17.50 16.92 16.11 # Ogle 33594  
5 40  8.12 -70 21 35.9 0.13   3.28 17.06 16.29 15.88 15.42 # Ogle 25041  
5 40 10.81 -70 24 30.5 0.11   1.99 16.70 16.10 15.77 15.33 # Ogle 25000  
5 40 13.01 -70 26 34.7 0.13   2.08 16.88 16.17 15.87 15.46 # Ogle 20966  
5 40 15.52 -70 19 53.4 0.13   3.55 16.46 15.96 15.55 15.16 # Evs HV2762  
5 40 26.37 -70 21 46.3 0.11   2.68 17.15 16.29 16.01 15.46 # Ogle 25039  
5 40 28.70 -70 10 38.6 0.20   2.16 16.59 15.98 15.70 15.27 # Ogle 37403  
5 40 30.66 -70 23 52.2 0.17   2.60  0.00 19.02 18.48 17.81 # Ogle 24980  
5 40 32.01 -70 28 28.9 0.20   2.04 16.62 16.10 15.65 15.44 # Ogle 17739  
5 40 32.32 -70 18  2.0 0.09   3.25 16.41 15.87 15.58 15.20 # Ogle 29260  
5 40 32.47 -70 23 18.7 0.13   4.12 16.45 15.78 15.42 14.93 # Ogle 24988  
5 40 32.99 -70 20 27.3 0.11   5.41 16.53 15.73 15.28 14.77 # Ogle 29194  
5 40 42.92 -70 21 54.0 0.20   3.43 16.39 15.67 15.43 15.06 # Ogle 81430  
5 40 43.72 -70 20 53.0 0.20   2.64 17.48 16.58 16.21 15.73 # Ogle 85260  
5 40 47.56 -70 29 28.2 0.20   2.17 16.73 16.13 15.67 15.43 # Ogle 74813  
5 40 51.92 -70 22 36.4 0.20   2.23 16.78 16.40 15.97 15.79 # Ogle 81459  
5 40 54.29 -70 16  6.2 0.20   2.33 17.57 16.56 16.14 15.59 # Ogle 89161  
5 40 57.98 -70 17  4.3 0.17   3.14 17.54 16.63 16.04 15.49 # Ogle 89131  
5 40 59.27 -70 15 54.7 0.17   1.95 17.09 16.51 16.02 15.69 # Ogle 89164  
5 41  5.27 -70 19 36.2 0.20   4.06 15.78 15.47 15.04 14.88 # Ogle 85244  
5 41  6.47 -70 24 18.7 0.20   3.03 17.15 16.41 15.92 15.61 # Ogle 81440  
5 41  7.80 -70 22 54.9 0.20   2.02 16.76 16.04 15.76 15.38 # Ogle 81454  
5 41  9.11 -70 24 10.2 0.20   5.11 16.64 15.55 15.28 14.76 # Ogle 81414  
5 41 15.67 -70 28 46.2 0.20  11.07 18.68 18.18 17.91 17.51 # Ogle 75012  
5 41 16.38 -70 18 25.6 0.20   1.96 16.91 16.26 15.78 15.46 # Ogle 85282  
5 41 18.95 -70 22 50.3 0.20   3.68 17.10 15.97 15.83 15.22 # Ogle 133782 
5 41 21.86 -70 26 24.7 0.20   4.06 16.46 15.90 15.36 15.10 # Ogle 130425 
5 41 22.99 -70 11 51.8 0.17   2.38 16.38 15.87 15.50 15.19 # Ogle 144662 
5 41 23.59 -70 16 57.6 0.17   4.63 15.95 15.56 15.06 14.85 # Ogle 140993 
5 41 24.30 -70 17 47.6 0.17   3.40 18.72 17.49 16.82 16.17 # Ogle 137424 
5 41 34.22 -70 17 22.2 0.17   2.27 17.15 16.35 15.93 15.55 # Ogle 141019 
5 41 35.19 -70 17 33.9 0.17   2.92 17.46 16.40 16.13 15.57 # Ogle 141015 
#5 44  5.87 -67 23 14.7 0.20   0.00 15.69 15.10 14.78 14.48 # Evs HV2825  
#5 44 41.90 -67 20 28.9 0.07   0.00 16.08 15.57 15.25 14.88 # Evs LMV681  
5 45  9.96 -67 23  9.1 0.04  17.53 15.56 14.63 14.07 13.55 # Evs HV2836  
5 45 33.42 -67 21 21.4 0.06   2.68 16.58 16.11 15.80 15.48 # Evs HV6044  
5 46 36.17 -68 11  3.5 0.02  26.54 14.66 13.77 13.20 12.75 # Evs HV1023  
5 47 39.26 -66 58  3.3 0.07   8.63 15.42 14.65 14.23 13.87 # Evs HV2854  
5 47 48.51 -66 57 29.5 0.07   4.06 15.92 15.23 14.81 14.48 # Evs HV13047 
5 48  6.89 -71 30 21.7 0.11  13.40 14.69 14.15 13.68 13.37 # Evs HV12656 
5 48 16.10 -71 28 13.7 0.13   2.31 17.47 16.32 15.83 15.33 # EvsV2 N2121 
5 48 18.11 -71 27 32.3 0.13   5.70 16.31 15.48 15.04 14.66 # EvsV1 N2121 
5 50 11.11 -69 41 22.1 0.17   3.47 16.60 16.04 15.55 15.28 # Evs HV12229 
5 50 42.89 -69 36  0.8 0.17   3.97 15.99 15.43 15.07 14.75 # Evs HV12066 
5 50 57.05 -69 40 31.2 0.07   6.84 15.93 15.20 14.78 14.40 # Evs HV6065  
5 51 51.46 -69 44 10.7 0.17   2.29 16.46 16.05 15.67 15.44 # Evs HV12068 
5 57 31.45 -67 37 29.4 0.07   8.15 15.68 14.86 14.49 14.11 # Evs HV12700 
5 57 46.81 -68 41  4.6 0.09   4.78 15.96 15.33 15.02 14.65 # Evs HV6093  
