# File generated by CMD 2.2 (http://stev.oapd.inaf.it/cmd) on Tue Apr  6 21:54:41 CEST 2010
# Basic reference: Marigo et al. (2008, A&A 482, 883) 
# + Bertelli et al. (1994, A&AS, 106, 275) for the Mi>7.0 Msun interval
# Photometric system: <i>UBVRIJHK</i> (cf. Maiz-Apellaniz 2006 + Bessell 1990)
# BCs of Carbon stars derive from Loidl et al. (2001)
# O-rich circumstellar dust ignored
# C-rich circumstellar dust ignored
# IMF: Chabrier (2001) lognormal 
# Kind of output: isochrone tables
#   Isochrone   Z = 0.01900     Age =   3.162e+08 yr
# log(age/yr)   M_ini       M_act   logL/Lo logTe   logG    mbol    U       B       V       R       I       J       H       K   C/O M_hec   period  pmode   logMdot int_IMF
    8.50    0.1500000060    0.1500  -2.5109 3.5183  5.1443  11.047  16.056  14.572  12.997  11.864  10.485  9.221   8.676   8.424   0.4787  0.0000  0.0 1   -17.817 1.9609395266
    8.50    0.2000000030    0.2000  -2.2366 3.5399  5.0814  10.362  14.891  13.523  12.025  10.975  9.748   8.588   8.028   7.788   0.4787  0.0000  0.0 1   -17.692 2.2217822075
    8.50    0.2500000000    0.2500  -2.0490 3.5514  5.0366  9.893   14.187  12.873  11.415  10.404  9.256   8.147   7.575   7.344   0.4787  0.0000  0.0 1   -17.573 2.4080901146
    8.50    0.3000000119    0.3000  -1.9000 3.5605  5.0033  9.520   13.595  12.353  10.945  9.959   8.866   7.788   7.209   6.997   0.4787  0.0000  0.0 1   -16.636 2.5475041866
    8.50    0.3499999940    0.3500  -1.7713 3.5691  4.9759  9.198   13.078  11.900  10.537  9.572   8.527   7.476   6.894   6.698   0.4787  0.0000  0.0 1   -15.843 2.6555202007
    8.50    0.4000000060    0.4000  -1.6304 3.5769  4.9240  8.846   12.571  11.446  10.123  9.174   8.165   7.132   6.544   6.363   0.4787  0.0000  0.0 1   -15.157 2.7413372993
    8.50    0.4499999881    0.4500  -1.5088 3.5859  4.8897  8.542   12.109  11.010  9.711   8.791   7.861   6.862   6.247   6.085   0.4787  0.0000  0.0 1   -14.551 2.8109800816
    8.50    0.5000000000    0.5000  -1.3885 3.5962  4.8562  8.241   11.626  10.550  9.276   8.392   7.560   6.604   5.954   5.814   0.4787  0.0000  0.0 1   -14.009 2.8684780598
    8.50    0.5500000119    0.5500  -1.2606 3.6075  4.8148  7.922   11.158  10.091  8.842   7.996   7.244   6.325   5.651   5.528   0.4787  0.0000  0.0 1   -13.519 2.9166350365
    8.50    0.6000000238    0.6000  -1.1353 3.6197  4.7764  7.608   10.706  9.647   8.424   7.617   6.936   6.052   5.364   5.253   0.4787  0.0000  0.0 1   -13.072 2.9573988914
    8.50    0.6179697514    0.6180  -1.0857 3.6250  4.7608  7.484   10.521  9.465   8.254   7.463   6.814   5.946   5.251   5.146   0.4787  0.0000  0.0 1   -12.920 2.9705698490
    8.50    0.6999999881    0.7000  -0.8763 3.6470  4.6934  6.961   9.653   8.686   7.557   6.843   6.280   5.483   4.821   4.735   0.4787  0.0000  0.0 1   -12.279 3.0225379467
    8.50    0.7177763581    0.7178  -0.8266 3.6533  4.6799  6.836   9.421   8.489   7.385   6.693   6.151   5.376   4.730   4.648   0.4787  0.0000  0.0 1   -12.155 3.0322809219
    8.50    0.8000000119    0.8000  -0.6111 3.6819  4.6260  6.298   8.379   7.647   6.654   6.062   5.593   4.921   4.363   4.298   0.4787  0.0000  0.0 1   -11.616 3.0718705654
    8.50    0.8999999762    0.9000  -0.3649 3.7191  4.5794  5.682   7.152   6.710   5.859   5.378   4.981   4.433   3.987   3.939   0.4787  0.0000  0.0 1   -11.750 3.1102609634
    8.50    1.0000000000    1.0000  -0.1392 3.7498  4.5223  5.118   6.142   5.925   5.203   4.793   4.448   3.993   3.626   3.588   0.4787  0.0000  0.0 1   -12.839 3.1408040524
    8.50    1.1000000238    1.0999  0.0701  3.7745  4.4533  4.595   5.325   5.249   4.632   4.275   3.967   3.581   3.270   3.240   0.4787  0.0000  0.0 1   -13.741 3.1655414104
    8.50    1.2000000477    1.1999  0.2671  3.7961  4.3803  4.102   4.643   4.641   4.113   3.797   3.523   3.192   2.927   2.904   0.4787  0.0000  0.0 1   -14.208 3.1858570576
    8.50    1.2661772966    1.2661  0.3820  3.8093  4.3415  3.815   4.267   4.290   3.813   3.522   3.270   2.971   2.734   2.713   0.4787  0.0000  0.0 1   -14.371 3.1974050999
    8.50    1.2999999523    1.2999  0.4379  3.8157  4.3228  3.675   4.090   4.121   3.668   3.389   3.148   2.864   2.640   2.620   0.4787  0.0000  0.0 1   -14.431 3.2028071880
    8.50    1.3999999762    1.3998  0.5912  3.8343  4.2762  3.292   3.620   3.659   3.271   3.029   2.818   2.578   2.391   2.375   0.4787  0.0000  0.0 1   -14.553 3.2170591354
    8.50    1.5000000000    1.4998  0.7257  3.8552  4.2549  2.956   3.217   3.247   2.923   2.722   2.547   2.354   2.206   2.193   0.4787  0.0000  0.0 1   -14.637 3.2291738987
    8.50    1.5404983759    1.5402  0.7786  3.8651  4.2532  2.824   3.064   3.084   2.787   2.606   2.449   2.276   2.147   2.135   0.4787  0.0000  0.0 1   -14.665 3.2335751057
    8.50    1.6000000238    1.5997  0.8538  3.8788  4.2493  2.636   2.851   2.855   2.596   2.442   2.310   2.166   2.061   2.051   0.4787  0.0000  0.0 1   -14.703 3.2395837307
    8.50    1.7000000477    1.6996  0.9704  3.8999  4.2434  2.344   2.532   2.509   2.306   2.193   2.100   1.998   1.927   1.919   0.4787  0.0000  0.0 1   -14.761 3.2485761642
    8.50    1.7999999523    1.7995  1.0784  3.9180  4.2326  2.074   2.243   2.203   2.052   1.975   1.912   1.841   1.794   1.787   0.4787  0.0000  0.0 1   -14.814 3.2563917637
    8.50    1.8846666813    1.8841  1.1640  3.9314  4.2206  1.860   2.015   1.972   1.859   1.804   1.761   1.712   1.681   1.675   0.4787  0.0000  0.1 1   -14.856 3.2622444630
    8.50    1.8999999762    1.8994  1.1792  3.9337  4.2181  1.822   1.974   1.934   1.826   1.775   1.735   1.689   1.660   1.655   0.4787  0.0000  0.1 1   -14.864 3.2632381916
    8.50    1.9500000477    1.9500  1.2278  3.9406  4.2087  1.700   1.845   1.809   1.720   1.679   1.648   1.613   1.591   1.586   0.4787  0.0000  0.1 1   -14.888 3.2663500309
    8.50    2.0000000000    2.0000  1.2746  3.9463  4.1957  1.583   1.721   1.690   1.615   1.583   1.560   1.533   1.517   1.513   0.4787  0.0000  0.1 1   -14.912 3.2692775726
    8.50    2.1366302967    2.1366  1.3995  3.9620  4.1623  1.271   1.397   1.394   1.354   1.339   1.332   1.327   1.321   1.320   0.4787  0.0000  0.1 1   -14.973 3.2764258385
    8.50    2.2000000477    2.2000  1.4558  3.9683  4.1438  1.131   1.251   1.262   1.236   1.227   1.226   1.229   1.227   1.228   0.4787  0.0000  0.1 1   -15.001 3.2793695927
    8.50    2.3298995495    2.3299  1.5671  3.9805  4.1064  0.852   0.968   1.009   1.006   1.008   1.016   1.034   1.040   1.043   0.4787  0.0000  0.1 1   -15.054 3.2847874165
    8.50    2.4867131710    2.4867  1.6979  3.9921  4.0503  0.525   0.639   0.713   0.731   0.740   0.757   0.788   0.799   0.806   0.4787  0.0000  0.1 1   -15.115 3.2904024124
    8.50    2.5000000000    2.5000  1.7088  3.9930  4.0452  0.498   0.611   0.688   0.708   0.717   0.734   0.767   0.778   0.785   0.4787  0.0000  0.1 1   -15.120 3.2908382416
    8.50    2.6321268082    2.6321  1.8147  3.9995  3.9875  0.233   0.343   0.439   0.472   0.486   0.507   0.548   0.561   0.570   0.4787  0.0000  0.1 1   -15.168 3.2948658466
    8.50    2.7433593273    2.7434  1.9027  4.0021  3.9281  0.013   0.119   0.226   0.265   0.280   0.303   0.346   0.361   0.371   0.4787  0.0000  0.1 1   -15.207 3.2978706360
    8.50    2.8378181458    2.8378  1.9767  4.0014  3.8660  -0.172  -0.072  0.036   0.077   0.091   0.114   0.157   0.171   0.181   0.4787  0.0000  0.1 1   -15.238 3.3001840115
    8.50    2.9189209938    2.9189  2.0397  3.9980  3.8016  -0.329  -0.236  -0.135  -0.096  -0.083  -0.063  -0.024  -0.011  -0.002  0.4787  0.0000  0.1 1   -13.527 3.3020164967
    8.50    2.9886639118    2.9887  2.0929  3.9925  3.7366  -0.462  -0.375  -0.288  -0.253  -0.243  -0.226  -0.194  -0.184  -0.176  0.4787  0.0000  0.2 1   -13.517 3.3034894466
    8.50    3.0000000000    3.0000  2.1015  3.9914  3.7251  -0.484  -0.398  -0.314  -0.280  -0.270  -0.254  -0.224  -0.214  -0.206  0.4787  0.0000  0.2 1   -13.516 3.3037204742
    8.50    3.0565919876    3.0566  2.1451  3.9846  3.6624  -0.593  -0.512  -0.447  -0.419  -0.413  -0.401  -0.379  -0.372  -0.365  0.4787  0.0000  0.2 1   -13.507 3.3048408031
    8.50    3.1093170643    3.1093  2.1861  3.9746  3.5891  -0.695  -0.620  -0.584  -0.565  -0.564  -0.558  -0.548  -0.546  -0.541  0.4787  0.0000  0.2 1   -13.500 3.3058369160
    8.50    3.1330444813    3.1330  2.2054  3.9696  3.5532  -0.743  -0.667  -0.645  -0.632  -0.635  -0.633  -0.629  -0.630  -0.627  0.4787  0.0000  0.2 1   -13.497 3.3062710762
    8.50    3.1550736427    3.1551  2.2253  3.9659  3.5212  -0.793  -0.716  -0.705  -0.696  -0.701  -0.702  -0.704  -0.707  -0.705  0.4787  0.0000  0.2 1   -13.494 3.3066663742
    8.50    3.1687340736    3.1687  2.2407  3.9655  3.5061  -0.832  -0.756  -0.745  -0.736  -0.742  -0.743  -0.745  -0.748  -0.746  0.4787  0.0000  0.3 1   -13.492 3.3069081306
    8.50    3.1788814068    3.1789  2.2569  3.9689  3.5048  -0.872  -0.799  -0.778  -0.764  -0.767  -0.765  -0.763  -0.764  -0.761  0.4787  0.0000  0.3 1   -13.490 3.3070857525
    8.50    3.1860466003    3.1860  2.2762  3.9772  3.5200  -0.920  -0.852  -0.805  -0.779  -0.776  -0.768  -0.755  -0.752  -0.746  0.4787  0.0000  0.2 1   -13.489 3.3072102070
    8.50    3.1908385754    3.1908  2.3095  3.9954  3.5600  -1.004  -0.932  -0.828  -0.781  -0.769  -0.751  -0.715  -0.704  -0.694  0.4787  0.0000  0.2 1   -13.489 3.3072931767
    8.50    3.1921811104    3.1922  2.3406  4.0119  3.5953  -1.081  -1.001  -0.843  -0.782  -0.763  -0.736  -0.681  -0.664  -0.648  0.4787  0.0000  0.2 1   -13.489 3.3073163033
    8.50    3.1929209232    3.1929  2.3771  4.0291  3.6273  -1.173  -1.078  -0.865  -0.791  -0.766  -0.732  -0.656  -0.633  -0.613  0.4787  0.0000  0.2 1   -13.488 3.3073291779
    8.50    3.1930191517    3.1930  2.3642  4.0266  3.6306  -1.140  -1.048  -0.843  -0.770  -0.747  -0.713  -0.640  -0.618  -0.598  0.4787  0.0000  0.2 1   -13.488 3.3073308468
    8.50    3.1931948662    3.1932  2.3213  4.0132  3.6197  -1.033  -0.949  -0.789  -0.728  -0.708  -0.681  -0.624  -0.607  -0.591  0.4787  0.0000  0.2 1   -13.488 3.3073337078
    8.50    3.1934278011    3.1934  2.3138  3.9958  3.5576  -1.014  -0.943  -0.838  -0.790  -0.778  -0.759  -0.723  -0.712  -0.702  0.4787  0.0000  0.2 1   -13.488 3.3073377609
    8.50    3.1937453747    3.1937  2.3347  3.9782  3.4665  -1.067  -1.003  -0.950  -0.920  -0.916  -0.909  -0.894  -0.890  -0.884  0.4787  0.0000  0.3 1   -13.488 3.3073432446
    8.50    3.1941740513    3.1942  2.3476  3.9586  3.3753  -1.099  -1.028  -1.033  -1.029  -1.039  -1.045  -1.057  -1.064  -1.064  0.4787  0.0000  0.3 1   -13.488 3.3073506355
    8.50    3.1945791245    3.1946  2.3503  3.9420  3.3061  -1.106  -1.016  -1.068  -1.092  -1.116  -1.137  -1.173  -1.190  -1.194  0.4787  0.0000  0.4 1   -13.488 3.3073575497
    8.50    3.1950354576    3.1950  2.3479  3.9242  3.2373  -1.100  -0.978  -1.077  -1.135  -1.179  -1.219  -1.281  -1.313  -1.321  0.4787  0.0000  0.4 1   -13.488 3.3073654175
    8.50    3.1955566406    3.1956  2.3410  3.9039  3.1631  -1.082  -0.909  -1.040  -1.150  -1.224  -1.292  -1.390  -1.443  -1.456  0.4787  0.0000  0.5 1   -13.488 3.3073744774
    8.50    3.1959309578    3.1959  2.3334  3.8885  3.1093  -1.064  -0.849  -0.987  -1.144  -1.246  -1.338  -1.465  -1.537  -1.553  0.4787  0.0000  0.5 1   -13.488 3.3073809147
    8.50    3.1963214874    3.1963  2.3233  3.8714  3.0510  -1.038  -0.773  -0.911  -1.126  -1.263  -1.383  -1.543  -1.640  -1.658  0.4787  0.0000  0.6 1   -13.488 3.3073875904
    8.50    3.1967282295    3.1967  2.3097  3.8519  2.9866  -1.004  -0.676  -0.803  -1.087  -1.266  -1.422  -1.622  -1.753  -1.773  0.4787  0.0000  0.6 1   -13.488 3.3073945045
    8.50    3.1971378326    3.1971  2.2924  3.8298  2.9155  -0.961  -0.542  -0.665  -1.026  -1.252  -1.450  -1.700  -1.873  -1.897  0.4787  0.0000  0.7 1   -13.488 3.3074016571
    8.50    3.1975572109    3.1976  2.2696  3.8051  2.8398  -0.904  -0.348  -0.483  -0.941  -1.220  -1.463  -1.772  -1.995  -2.025  0.4787  0.0000  0.8 1   -13.488 3.3074088097
    8.50    3.1979763508    3.1980  2.2398  3.7799  2.7688  -0.829  -0.076  -0.259  -0.828  -1.161  -1.449  -1.821  -2.100  -2.136  0.4787  0.0000  0.9 1   -13.488 3.3074159622
    8.50    3.1983888149    3.1984  2.2005  3.7578  2.7195  -0.731  0.260   -0.008  -0.685  -1.066  -1.394  -1.825  -2.156  -2.197  0.4787  0.0000  1.0 1   -13.488 3.3074231148
    8.50    3.1988010406    3.1988  2.1487  3.7388  2.6956  -0.602  0.634   0.267   -0.506  -0.930  -1.291  -1.777  -2.155  -2.201  0.4787  0.0000  1.0 1   -13.488 3.3074300289
    8.50    3.1992068291    3.1992  2.0879  3.7228  2.6923  -0.450  1.014   0.549   -0.307  -0.767  -1.155  -1.691  -2.111  -2.160  0.4787  0.0000  1.0 1   -13.488 3.3074371815
    8.50    3.1996057034    3.1996  2.0419  3.7093  2.6843  -0.335  1.349   0.783   -0.143  -0.633  -1.045  -1.626  -2.083  -2.138  0.4787  0.0000  1.0 1   -13.488 3.3074438572
    8.50    3.1998035908    3.1998  2.0337  3.7035  2.6695  -0.314  1.463   0.854   -0.101  -0.605  -1.027  -1.627  -2.100  -2.157  0.4787  0.0000  1.1 1   -13.488 3.3074471951
    8.50    3.2003519535    3.2004  2.0823  3.6896  2.5652  -0.436  1.595   0.866   -0.159  -0.697  -1.146  -1.795  -2.310  -2.373  0.4787  0.0000  1.3 1   -13.487 3.3074567318
    8.50    3.2008965015    3.2009  2.1625  3.6805  2.4487  -0.636  1.572   0.757   -0.317  -0.877  -1.343  -2.026  -2.567  -2.635  0.4787  0.0000  1.6 1   -13.487 3.3074660301
    8.50    3.2013695240    3.2014  2.2205  3.6750  2.3686  -0.781  1.541   0.669   -0.436  -1.009  -1.486  -2.190  -2.747  -2.817  0.4787  0.0000  1.8 1   -13.487 3.3074741364
    8.50    3.2019100189    3.2019  2.2769  3.6698  2.2916  -0.922  1.511   0.587   -0.544  -1.132  -1.620  -2.345  -2.919  -2.993  0.4787  0.0000  2.0 1   -13.487 3.3074834347
    8.50    3.2024824619    3.2025  2.3351  3.6650  2.2145  -1.068  1.469   0.495   -0.660  -1.261  -1.760  -2.504  -3.093  -3.170  0.4787  0.0000  2.3 1   -13.487 3.3074932098
    8.50    3.2030661106    3.2031  2.3941  3.6605  2.1374  -1.215  1.424   0.400   -0.779  -1.393  -1.902  -2.664  -3.268  -3.348  0.4787  0.0000  2.7 1   -13.487 3.3075029850
    8.50    3.2037577629    3.2038  2.4629  3.6550  2.0467  -1.387  1.376   0.292   -0.917  -1.546  -2.068  -2.851  -3.473  -3.557  0.4787  0.0000  3.1 1   -13.487 3.3075149059
    8.50    3.2043426037    3.2043  2.5201  3.6512  1.9745  -1.530  1.323   0.194   -1.037  -1.676  -2.206  -3.005  -3.639  -3.725  0.4787  0.0000  3.5 1   -13.487 3.3075249195
    8.50    3.2049124241    3.2049  2.5781  3.6470  1.8996  -1.675  1.286   0.104   -1.151  -1.802  -2.344  -3.161  -3.809  -3.898  0.4787  0.0000  4.0 1   -13.487 3.3075346947
    8.50    3.2054257393    3.2054  2.6320  3.6423  1.8273  -1.810  1.272   0.031   -1.248  -1.915  -2.469  -3.306  -3.970  -4.063  0.4787  0.0000  4.6 1   -13.487 3.3075432777
    8.50    3.2059736252    3.2060  2.6906  3.6382  1.7521  -1.956  1.238   -0.058  -1.362  -2.041  -2.608  -3.463  -4.141  -4.237  0.4787  0.0000  5.2 1   -13.487 3.3075525761
    8.50    3.2064800262    3.2065  2.7414  3.6350  1.6888  -2.084  1.199   -0.141  -1.464  -2.153  -2.728  -3.597  -4.286  -4.384  0.4787  0.0000  5.8 1   -13.487 3.3075613976
    8.50    3.2069916725    3.2070  2.7781  3.6322  1.6408  -2.175  1.185   -0.194  -1.533  -2.231  -2.815  -3.695  -4.394  -4.495  0.4787  0.0000  6.3 1   -13.487 3.3075699806
    8.50    3.2084438801    3.2084  2.7329  3.6356  1.6999  -2.062  1.204   -0.128  -1.447  -2.135  -2.708  -3.574  -4.261  -4.359  0.4787  0.0000  5.7 1   -13.486 3.3075947762
    8.50    3.2098681927    3.2099  2.6879  3.6392  1.7593  -1.950  1.222   -0.064  -1.363  -2.039  -2.603  -3.454  -4.128  -4.223  0.4787  0.0000  5.1 1   -13.486 3.3076188564
    8.50    3.2112913132    3.2113  2.6334  3.6431  1.8298  -1.813  1.251   0.018   -1.258  -1.922  -2.474  -3.308  -3.969  -4.061  0.4787  0.0000  4.6 1   -13.486 3.3076431751
    8.50    3.2124781609    3.2125  2.5781  3.6477  1.9033  -1.675  1.271   0.095   -1.157  -1.806  -2.345  -3.159  -3.804  -3.893  0.4787  0.0000  4.0 1   -13.486 3.3076632023
    8.50    3.2136373520    3.2136  2.5190  3.6521  1.9804  -1.528  1.306   0.186   -1.041  -1.677  -2.205  -3.000  -3.630  -3.716  0.4787  0.0000  3.5 1   -13.486 3.3076827526
    8.50    3.2146413326    3.2146  2.4662  3.6561  2.0494  -1.395  1.346   0.271   -0.933  -1.558  -2.077  -2.857  -3.474  -3.557  0.4787  0.0000  3.1 1   -13.486 3.3076999187
    8.50    3.2157456875    3.2157  2.4093  3.6606  2.1246  -1.253  1.385   0.361   -0.818  -1.432  -1.941  -2.701  -3.305  -3.385  0.4787  0.0000  2.7 1   -13.485 3.3077185154
    8.50    3.2169802189    3.2170  2.3517  3.6651  2.2004  -1.109  1.428   0.453   -0.702  -1.303  -1.802  -2.545  -3.134  -3.211  0.4787  0.0000  2.4 1   -13.485 3.3077392578
    8.50    3.2186794281    3.2187  2.2853  3.6705  2.2885  -0.943  1.476   0.558   -0.570  -1.156  -1.642  -2.364  -2.935  -3.009  0.4787  0.0000  2.1 1   -13.485 3.3077681065
    8.50    3.2209765911    3.2210  2.2194  3.6762  2.3773  -0.779  1.520   0.660   -0.439  -1.009  -1.483  -2.183  -2.736  -2.806  0.4787  0.0000  1.8 1   -13.485 3.3078067303
    8.50    3.2251083851    3.2251  2.1513  3.6831  2.4737  -0.608  1.549   0.759   -0.302  -0.855  -1.316  -1.990  -2.523  -2.589  0.4787  0.0000  1.5 1   -13.484 3.3078761101
    8.50    3.2351174355    3.2351  2.1056  3.6922  2.5572  -0.494  1.490   0.783   -0.231  -0.762  -1.205  -1.845  -2.351  -2.413  0.4787  0.0000  1.3 1   -13.483 3.3080432415
    8.50    3.3316993713    3.3317  2.2240  3.6939  2.4583  -0.790  1.177   0.474   -0.537  -1.064  -1.503  -2.137  -2.636  -2.697  0.4787  0.0000  1.6 1   -13.470 3.3095860481
    8.50    3.3442416191    3.3442  2.2412  3.6943  2.4442  -0.833  1.130   0.428   -0.581  -1.108  -1.546  -2.179  -2.677  -2.738  0.4787  0.0000  1.6 1   -13.468 3.3097774982
    8.50    3.4171886444    3.4172  2.3161  3.6867  2.3484  -1.020  1.094   0.317   -0.733  -1.277  -1.731  -2.391  -2.911  -2.976  0.4787  0.0000  1.9 1   -13.459 3.3108539581
    8.50    3.4506649971    3.4507  2.3756  3.6770  2.2541  -1.169  1.138   0.267   -0.835  -1.404  -1.876  -2.572  -3.121  -3.191  0.4787  0.0000  2.2 1   -13.455 3.3113274574
    8.50    3.4555249214    3.4555  2.4206  3.6705  2.1838  -1.282  1.159   0.225   -0.910  -1.496  -1.982  -2.704  -3.273  -3.347  0.4787  0.0000  2.5 1   -13.454 3.3113951683
    8.50    3.4562613964    3.4563  2.4597  3.6661  2.1275  -1.379  1.155   0.176   -0.980  -1.578  -2.074  -2.813  -3.397  -3.474  0.4787  0.0000  2.8 1   -13.454 3.3114051819
    8.50    3.4564757347    3.4565  2.4993  3.6626  2.0739  -1.478  1.133   0.117   -1.057  -1.665  -2.169  -2.922  -3.517  -3.596  0.4787  0.0000  3.0 1   -13.454 3.3114082813
    8.50    3.4566082954    3.4566  2.5487  3.6580  2.0061  -1.602  1.112   0.047   -1.152  -1.773  -2.287  -3.058  -3.668  -3.750  0.4787  0.0000  3.4 1   -13.454 3.3114101887
    8.50    3.4567213058    3.4567  2.5932  3.6540  1.9453  -1.713  1.095   -0.017  -1.238  -1.869  -2.393  -3.181  -3.804  -3.889  0.4787  0.0000  3.8 1   -13.454 3.3114116192
    8.50    3.4568927288    3.4569  2.6407  3.6496  1.8806  -1.832  1.078   -0.085  -1.330  -1.973  -2.506  -3.312  -3.949  -4.036  0.4787  0.0000  4.2 1   -13.454 3.3114140034
    8.50    3.4577655792    3.4578  2.6545  3.6487  1.8630  -1.866  1.069   -0.106  -1.357  -2.003  -2.538  -3.349  -3.989  -4.077  0.4787  0.0000  4.4 1   -13.454 3.3114261627
    8.50    3.4607474804    3.4607  2.7709  3.6398  1.7114  -2.157  1.015   -0.276  -1.577  -2.251  -2.812  -3.660  -4.332  -4.427  0.4787  0.0000  5.7 1   -13.454 3.3114674091
    8.50    3.4617993832    3.4618  2.8496  3.6337  1.6085  -2.354  0.984   -0.389  -1.725  -2.418  -2.996  -3.871  -4.563  -4.663  0.4787  0.0000  6.8 1   -13.453 3.3114819527
    8.50    3.4628627300    3.4629  2.9359  3.6266  1.4940  -2.570  0.964   -0.508  -1.884  -2.600  -3.198  -4.103  -4.820  -4.926  0.4787  0.0000  8.3 1   -13.453 3.3114967346
    8.50    3.4635736942    3.4636  3.0008  3.6215  1.4086  -2.732  0.959   -0.588  -1.996  -2.731  -3.348  -4.277  -5.011  -5.121  0.4787  0.0000  9.6 1   -13.453 3.3115065098
    8.50    3.4642324448    3.4642  3.0722  3.6159  1.3152  -2.910  0.959   -0.673  -2.115  -2.872  -3.513  -4.468  -5.219  -5.335  0.4787  0.0000  11.3    1   -13.453 3.3115158081
    8.50    3.4646928310    3.4647  3.1306  3.6111  1.2375  -3.056  0.968   -0.737  -2.209  -2.985  -3.646  -4.624  -5.392  -5.513  0.4787  0.0000  12.9    1   -13.453 3.3115220070
    8.50    3.4651958942    3.4652  3.2037  3.6049  1.1397  -3.239  0.986   -0.816  -2.327  -3.127  -3.813  -4.819  -5.608  -5.736  0.4787  0.0000  15.3    1   -13.453 3.3115289211
    8.50    3.4656236172    3.4656  3.2761  3.5986  1.0422  -3.420  1.001   -0.886  -2.434  -3.261  -3.975  -5.013  -5.823  -5.958  0.4787  0.0000  18.1    1   -13.453 3.3115348816
    8.50    3.4659821987    3.4660  3.3463  3.5925  0.9474  -3.596  0.985   -0.935  -2.512  -3.369  -4.124  -5.202  -6.031  -6.172  0.4787  0.0000  21.3    1   -13.453 3.3115398884
    8.50    3.4663901329    3.4664  3.4434  3.5839  0.8159  -3.839  0.964   -1.003  -2.620  -3.520  -4.331  -5.463  -6.320  -6.470  0.4787  0.0000  26.7    1   -13.453 3.3115453720
    8.50    3.4667332172    3.4667  3.5340  3.5754  0.6913  -4.065  0.948   -1.058  -2.713  -3.656  -4.522  -5.707  -6.592  -6.751  0.4787  0.0000  33.1    1   -13.453 3.3115501404
    8.50    3.4668962955    3.4669  3.5779  3.5712  0.6307  -4.175  0.896   -1.029  -2.684  -3.667  -4.588  -5.831  -6.727  -6.889  0.4787  0.0000  36.8    1   -13.453 3.3115525246
    8.50    3.4670314789    3.4670  3.6131  3.5678  0.5821  -4.263  0.845   -1.003  -2.656  -3.672  -4.640  -5.931  -6.836  -7.000  0.4787  0.0000  40.0    1   -13.453 3.3115541935
    8.50    3.4671492577    3.4671  3.6373  3.5652  0.5473  -4.323  0.809   -0.975  -2.624  -3.666  -4.672  -6.001  -6.913  -7.079  0.4787  0.0000  42.5    1   -13.440 3.3115558624
    8.50    3.4672584534    3.4673  3.6599  3.5626  0.5146  -4.380  0.773   -0.946  -2.591  -3.659  -4.701  -6.066  -6.986  -7.153  0.4787  0.0000  45.0    1   -13.199 3.3115575314
    8.50    3.4673700333    3.4674  3.6928  3.5592  0.4680  -4.462  0.715   -0.914  -2.552  -3.654  -4.746  -6.161  -7.090  -7.259  0.4787  0.0000  48.7    1   -12.857 3.3115589619
    8.50    3.4675028324    3.4675  3.7544  3.5530  0.3815  -4.616  0.591   -0.864  -2.486  -3.649  -4.832  -6.337  -7.284  -7.456  0.4787  0.0000  56.6    1   -12.221 3.3115608692
    8.50    3.4676871300    3.4677  3.8542  3.5421  0.2384  -4.866  0.580   -0.639  -2.232  -3.532  -4.896  -6.620  -7.591  -7.775  0.4787  0.0000  72.4    1   -11.169 3.3115632534
    8.50    3.4677557945    3.4678  3.8881  3.5388  0.1913  -4.950  0.592   -0.564  -2.148  -3.493  -4.916  -6.714  -7.691  -7.880  0.4787  0.0000  78.6    1   -10.823 3.3115642071
    8.50    3.4677858353    3.4678  3.9048  3.5370  0.1673  -4.992  0.603   -0.517  -2.097  -3.467  -4.922  -6.761  -7.742  -7.932  0.4787  0.0000  81.9    1   -10.646 3.3115646839
    8.50    3.4677877426    3.4678  3.9048  3.5410  0.1833  -4.992  0.488   -0.710  -2.301  -3.616  -5.001  -6.749  -7.723  -7.908  0.4197  0.0000  79.7    1   -10.764 3.3115646839
    8.50    3.4679920673    3.4680  4.0199  3.5327  0.0348  -5.280  0.442   -0.595  -2.164  -3.594  -5.125  -7.061  -8.051  -8.247  0.3661  0.6904  103.0   1   -9.672  3.3115675449
    8.50    3.4683613777    3.4683  4.1400  3.5191  -0.1394 -5.580  0.580   -0.196  -1.741  -3.363  -5.123  -7.398  -8.410  -8.621  0.3999  0.6985  139.1   1   -8.391  3.3115725517
    8.50    3.4689886570    3.4688  4.2120  3.5089  -0.2521 -5.760  0.783   0.198   -1.344  -3.116  -5.040  -7.602  -8.628  -8.849  0.5264  0.7056  169.0   1   -7.562  3.3115811348
    8.50    3.4698362350    3.4686  4.2282  3.5033  -0.2908 -5.801  0.953   0.474   -1.067  -2.922  -4.935  -7.656  -8.689  -8.915  0.8460  0.7105  180.7   1   -7.278  3.3115928173
    8.50    3.4706730843    3.4683  4.2408  3.4978  -0.3256 -5.832  -0.937  -1.845  -3.537  -4.622  -5.661  -7.265  -8.330  -8.677  1.1915  0.7139  95.4    1   -7.916  3.3116044998
    8.50    3.4711897373    3.4665  4.2425  3.4952  -0.3378 -5.836  -0.859  -1.785  -3.503  -4.601  -5.652  -7.268  -8.341  -8.692  1.3863  0.7150  171.1   0   -7.861  3.3116114140
    8.50    3.4733219147    3.4543  4.2488  3.4851  -0.3860 -5.852  -0.553  -1.545  -3.365  -4.516  -5.614  -7.278  -8.381  -8.751  2.1765  0.7198  197.4   0   -7.656  3.3116407394
    8.50    3.4752733707    3.3134  4.2403  3.4757  -0.4333 -5.831  -0.233  -1.286  -3.200  -4.402  -5.542  -7.251  -8.382  -8.770  2.9832  0.7246  225.5   0   -7.476  3.3116674423
    8.50    3.4755578041    3.1993  4.2299  3.4732  -0.4482 -5.805  -0.127  -1.199  -3.141  -4.355  -5.506  -7.226  -8.360  -8.752  3.0951  0.7255  232.7   0   -7.442  3.3116714954
    8.50    3.4756984711    3.1277  4.2236  3.4716  -0.4578 -5.789  -0.065  -1.148  -3.106  -4.327  -5.486  -7.211  -8.347  -8.740  3.1516  0.7260  237.4   0   -7.422  3.3116734028
    8.50    3.4758374691    3.0456  4.2168  3.4698  -0.4698 -5.772  0.009   -1.088  -3.067  -4.297  -5.462  -7.195  -8.333  -8.728  3.2081  0.7266  243.3   0   -7.401  3.3116753101
    8.50    3.4759743214    2.9499  4.2092  3.4677  -0.4845 -5.753  0.094   -1.020  -3.021  -4.262  -5.436  -7.177  -8.317  -8.715  3.2646  0.7273  250.8   0   -7.377  3.3116769791
    8.50    3.4761087894    2.8389  4.2010  3.4652  -0.5031 -5.733  0.193   -0.939  -2.969  -4.222  -5.407  -7.158  -8.300  -8.702  3.3210  0.7281  260.6   0   -7.349  3.3116788864
    8.50    3.4762408733    2.7030  4.1917  3.4619  -0.5282 -5.709  0.319   -0.838  -2.905  -4.173  -5.372  -7.136  -8.282  -8.687  3.3769  0.7291  274.4   0   -7.316  3.3116807938
    8.50    3.4763691425    2.5365  4.1814  3.4576  -0.5629 -5.684  0.480   -0.710  -2.825  -4.114  -5.332  -7.113  -8.262  -8.674  3.4315  0.7302  301.2   0   -7.275  3.3116824627
    8.50    3.4764938354    2.3120  4.1692  3.4512  -0.6164 -5.653  0.710   -0.529  -2.715  -4.035  -5.279  -7.085  -8.241  -8.661  3.4824  0.7315  379.6   0   -7.056  3.3116841316
    8.50    3.4766130447    1.9432  4.1541  3.4417  -0.7150 -5.615  1.033   -0.282  -2.565  -3.931  -5.214  -7.055  -8.207  -8.635  3.5232  0.7334  598.1   0   -4.839  3.3116858006
    8.50    3.4767045975    1.1343  4.1353  3.4414  -0.9308 -5.568  1.087   -0.231  -2.516  -3.883  -5.166  -7.008  -8.160  -8.588  3.5233  0.7355  1268.2  0   -4.075  3.3116869926
    8.50    3.4767258167    0.9571  4.1319  3.4505  -0.9651 -5.560  0.826   -0.419  -2.613  -3.936  -5.183  -6.993  -8.149  -8.569  3.5233  0.7361  1472.8  0   -3.930  3.3116874695
    8.50    3.4768302441    0.7406  4.1382  3.6458  -0.3015 -5.575  -1.912  -3.610  -5.056  -5.730  -6.265  -7.098  -7.685  -7.787  3.5234  0.7406  508.5   0   -10.131 3.3116889000