# File generated by CMD 2.2 (http://stev.oapd.inaf.it/cmd) on Tue Apr  6 21:54:41 CEST 2010
# Basic reference: Marigo et al. (2008, A&A 482, 883) 
# + Bertelli et al. (1994, A&AS, 106, 275) for the Mi>7.0 Msun interval
# Photometric system: <i>UBVRIJHK</i> (cf. Maiz-Apellaniz 2006 + Bessell 1990)
# BCs of Carbon stars derive from Loidl et al. (2001)
# O-rich circumstellar dust ignored
# C-rich circumstellar dust ignored
# IMF: Chabrier (2001) lognormal 
# Kind of output: isochrone tables
#   Isochrone   Z = 0.01900     Age =   1.000e+07 yr
# log(age/yr)   M_ini       M_act   logL/Lo logTe   logG    mbol    U       B       V       R       I       J       H       K   C/O M_hec   period  pmode   logMdot int_IMF
    7.00    0.1500000060    0.1500  -2.5111 3.5183  5.1444  11.048  16.057  14.573  12.998  11.865  10.486  9.221   8.677   8.424   0.4787  0.0000  0.0 1   -17.817 1.9609395266
    7.00    0.2000000030    0.2000  -2.2373 3.5399  5.0819  10.363  14.894  13.525  12.026  10.977  9.750   8.590   8.029   7.790   0.4787  0.0000  0.0 1   -17.692 2.2217822075
    7.00    0.2500000000    0.2500  -2.0502 3.5514  5.0377  9.895   14.190  12.876  11.418  10.407  9.259   8.150   7.578   7.347   0.4787  0.0000  0.0 1   -17.573 2.4080901146
    7.00    0.3000000119    0.3000  -1.9016 3.5605  5.0048  9.524   13.600  12.358  10.949  9.963   8.870   7.792   7.213   7.001   0.4787  0.0000  0.0 1   -16.636 2.5475041866
    7.00    0.3499999940    0.3500  -1.7731 3.5691  4.9776  9.203   13.083  11.905  10.542  9.577   8.532   7.481   6.899   6.703   0.4787  0.0000  0.0 1   -15.843 2.6555202007
    7.00    0.4000000060    0.4000  -1.6335 3.5769  4.9272  8.854   12.578  11.453  10.129  9.181   8.173   7.140   6.552   6.371   0.4787  0.0000  0.0 1   -15.157 2.7413372993
    7.00    0.4499999881    0.4500  -1.5096 3.5859  4.8905  8.544   12.112  11.013  9.714   8.794   7.863   6.864   6.250   6.087   0.4787  0.0000  0.0 1   -14.551 2.8109800816
    7.00    0.5000000000    0.5000  -1.3909 3.5962  4.8587  8.247   11.632  10.555  9.282   8.398   7.566   6.610   5.961   5.821   0.4787  0.0000  0.0 1   -14.009 2.8684780598
    7.00    0.5500000119    0.5500  -1.2619 3.6074  4.8158  7.925   11.161  10.094  8.845   7.999   7.248   6.328   5.654   5.531   0.4787  0.0000  0.0 1   -13.519 2.9166350365
    7.00    0.6000000238    0.6000  -1.1379 3.6202  4.7808  7.615   10.707  9.648   8.427   7.620   6.942   6.060   5.372   5.261   0.4787  0.0000  0.0 1   -13.072 2.9573988914
    7.00    0.6999999881    0.7000  -0.8790 3.6486  4.7027  6.968   9.634   8.674   7.551   6.842   6.285   5.494   4.836   4.751   0.4787  0.0000  0.0 1   -12.279 3.0225379467
    7.00    0.8000000119    0.8000  -0.6172 3.6811  4.6288  6.313   8.409   7.670   6.673   6.079   5.609   4.933   4.373   4.308   0.4787  0.0000  0.0 1   -11.616 3.0718705654
    7.00    0.8999999762    0.9000  -0.3755 3.7179  4.5852  5.709   7.198   6.746   5.890   5.406   5.007   4.455   4.006   3.957   0.4787  0.0000  0.0 1   -11.750 3.1102609634
    7.00    1.0000000000    1.0000  -0.1630 3.7478  4.5383  5.177   6.230   5.998   5.268   4.853   4.505   4.044   3.673   3.634   0.4787  0.0000  0.0 1   -12.840 3.1408040524
    7.00    1.1000000238    1.1000  0.0323  3.7700  4.4732  4.689   5.472   5.371   4.735   4.368   4.054   3.655   3.334   3.303   0.4787  0.0000  0.0 1   -13.742 3.1655414104
    7.00    1.2000000477    1.2000  0.2481  3.7954  4.3965  4.150   4.696   4.693   4.162   3.844   3.569   3.236   2.970   2.946   0.4787  0.0000  0.0 1   -14.208 3.1858570576
    7.00    1.2999999523    1.3000  0.4186  3.8154  4.3408  3.724   4.139   4.172   3.717   3.438   3.195   2.911   2.685   2.666   0.4787  0.0000  0.0 1   -14.431 3.2028071880
    7.00    1.3999999762    1.4000  0.5703  3.8349  4.2993  3.344   3.669   3.711   3.323   3.082   2.872   2.633   2.446   2.431   0.4787  0.0000  0.0 1   -14.553 3.2170591354
    7.00    1.5000000000    1.5000  0.7001  3.8564  4.2856  3.020   3.277   3.310   2.988   2.789   2.616   2.425   2.279   2.266   0.4787  0.0000  0.0 1   -14.637 3.2291738987
    7.00    1.6000000238    1.6000  0.8271  3.8812  4.2859  2.702   2.912   2.919   2.664   2.514   2.386   2.247   2.145   2.135   0.4787  0.0000  0.0 1   -14.703 3.2395837307
    7.00    1.7000000477    1.7000  0.9441  3.9051  4.2908  2.410   2.591   2.569   2.378   2.274   2.189   2.096   2.031   2.023   0.4787  0.0000  0.0 1   -14.761 3.2485761642
    7.00    1.7999999523    1.8000  1.0449  3.9265  4.3004  2.158   2.318   2.280   2.148   2.084   2.033   1.977   1.941   1.935   0.4787  0.0000  0.0 1   -14.814 3.2563917637
    7.00    1.8999999762    1.9000  1.1375  3.9453  4.3066  1.926   2.069   2.043   1.957   1.922   1.895   1.868   1.850   1.846   0.4787  0.0000  0.0 1   -14.864 3.2632381916
    7.00    1.9500000477    1.9500  1.1802  3.9541  4.3104  1.820   1.956   1.941   1.875   1.851   1.835   1.820   1.809   1.806   0.4787  0.0000  0.0 1   -14.888 3.2663500309
    7.00    2.0000000000    2.0000  1.2384  3.9632  4.2993  1.674   1.806   1.809   1.761   1.746   1.738   1.735   1.730   1.730   0.4787  0.0000  0.0 1   -14.912 3.2692775726
    7.00    2.2000000477    2.2000  1.3897  3.9937  4.3116  1.296   1.428   1.503   1.507   1.516   1.533   1.568   1.579   1.585   0.4787  0.0000  0.0 1   -15.001 3.2793695927
    7.00    2.4642202854    2.4642  1.5806  4.0292  4.3119  0.818   0.973   1.152   1.201   1.227   1.263   1.337   1.361   1.378   0.4787  0.0000  0.0 1   -15.106 3.2896516323
    7.00    2.5000000000    2.5000  1.6051  4.0337  4.3118  0.757   0.917   1.110   1.162   1.190   1.228   1.307   1.333   1.351   0.4787  0.0000  0.0 1   -15.120 3.2908382416
    7.00    3.0000000000    3.0000  1.9065  4.0873  4.3036  0.004   0.234   0.595   0.688   0.730   0.789   0.921   0.962   0.993   0.4787  0.0000  0.1 1   -13.516 3.3037204742
    7.00    3.5000000000    3.5000  2.1567  4.1300  4.2915  -0.622  -0.298  0.184   0.300   0.351   0.424   0.592   0.643   0.683   0.4787  0.0000  0.1 1   -13.449 3.3120026588
    7.00    4.0000000000    4.0000  2.3698  4.1657  4.2791  -1.154  -0.731  -0.162  -0.026  0.032   0.116   0.311   0.370   0.416   0.4787  0.0000  0.1 1   -13.391 3.3176128864
    7.00    4.5000000000    4.5000  2.5540  4.1970  4.2712  -1.615  -1.088  -0.453  -0.302  -0.236  -0.143  0.074   0.139   0.191   0.4787  0.0000  0.1 1   -13.339 3.3215744495
    7.00    5.0000000000    5.0000  2.7231  4.2241  4.2561  -2.038  -1.415  -0.728  -0.563  -0.491  -0.389  -0.155  -0.084  -0.027  0.4787  0.0000  0.1 1   -13.294 3.3244650364
    7.00    6.0000000000    6.0000  3.0162  4.2687  4.2207  -2.771  -1.986  -1.218  -1.031  -0.948  -0.832  -0.569  -0.490  -0.424  0.4787  0.0000  0.1 1   -13.215 3.3282895088
    7.00    6.2959589958    6.2960  3.0930  4.2801  4.2105  -2.963  -2.136  -1.348  -1.156  -1.070  -0.950  -0.680  -0.599  -0.531  0.4787  0.0000  0.1 1   -13.194 3.3290939331
    7.00    7.0000000000    7.0000  3.2654  4.3057  4.1865  -3.394  -2.474  -1.642  -1.439  -1.345  -1.218  -0.932  -0.845  -0.773  0.4787  0.0000  0.1 1   -13.148 3.3306136131
    7.00    8.2974462509    8.2974  3.5534  4.3445  4.1274  -4.113  -3.056  -2.158  -1.939  -1.837  -1.697  -1.387  -1.291  -1.212  0.4787  0.0000  0.1 1   -13.074 3.3324570656
    7.00    9.0000000000    9.0000  3.6985  4.3622  4.0886  -4.476  -3.357  -2.429  -2.204  -2.098  -1.954  -1.633  -1.532  -1.450  0.4787  0.0000  0.1 1   -13.038 3.3331298828
    7.00    10.8767595291   10.8768 4.0177  4.3987  3.9974  -5.274  -4.032  -3.044  -2.805  -2.692  -2.539  -2.197  -2.089  -1.999  0.4787  0.0000  0.1 1   -12.956 3.3343062401
    7.00    12.0000000000   12.0000 4.1986  4.4135  3.9186  -5.726  -4.441  -3.429  -3.183  -3.067  -2.911  -2.561  -2.449  -2.356  0.4787  0.0000  0.2 1   -12.913 3.3347461224
    7.00    12.8373203278   12.8155 4.3158  4.4213  3.8612  -6.019  -4.714  -3.688  -3.439  -3.322  -3.164  -2.809  -2.696  -2.601  0.4787  0.0000  0.2 1   -12.885 3.3349959850
    7.00    14.4586019516   14.3719 4.5390  4.4224  3.6922  -6.578  -5.292  -4.255  -4.005  -3.888  -3.730  -3.373  -3.260  -3.164  0.4787  0.0000  0.3 1   -12.835 3.3353507519
    7.00    15.0000000000   14.8570 4.6134  4.4157  3.6054  -6.763  -5.513  -4.480  -4.232  -4.118  -3.961  -3.608  -3.496  -3.401  0.4787  0.0000  0.3 1   -12.821 3.3354415894
    7.00    15.6989459991   15.4734 4.6939  4.4061  3.5040  -6.965  -5.762  -4.735  -4.491  -4.379  -4.225  -3.877  -3.767  -3.673  0.4787  0.0000  0.4 1   -12.803 3.3355436325
    7.00    16.8567314148   16.4448 4.8273  4.3640  3.2288  -7.298  -6.285  -5.293  -5.068  -4.968  -4.828  -4.500  -4.399  -4.313  0.4787  0.0000  0.6 1   -12.777 3.3356821537
    7.00    17.3399200439   16.8194 4.8834  4.3339  3.0622  -7.438  -6.551  -5.593  -5.379  -5.287  -5.155  -4.842  -4.747  -4.666  0.4787  0.0000  0.8 1   -12.767 3.3357305527
    7.00    17.6216869354   17.0299 4.9179  4.3187  2.9722  -7.525  -6.695  -5.759  -5.550  -5.461  -5.333  -5.029  -4.936  -4.857  0.4787  0.0000  1.0 1   -12.761 3.3357567787
    7.00    17.6822452545   17.0659 4.9281  4.3241  2.9843  -7.550  -6.704  -5.758  -5.547  -5.457  -5.328  -5.020  -4.926  -4.847  0.4787  0.0000  0.9 1   -12.761 3.3357622623
    7.00    17.7504711151   17.0805 4.9539  4.3537  3.0774  -7.615  -6.661  -5.670  -5.450  -5.354  -5.218  -4.894  -4.795  -4.711  0.4787  0.0000  0.8 1   -12.760 3.3357684612
    7.00    17.7590446472   17.0820 4.9862  4.3778  3.1417  -7.695  -6.651  -5.628  -5.399  -5.298  -5.156  -4.820  -4.716  -4.628  0.4787  0.0000  0.7 1   -12.760 3.3357691765
    7.00    17.7605762482   17.0822 4.9916  4.3836  3.1592  -7.709  -6.643  -5.612  -5.382  -5.279  -5.136  -4.797  -4.692  -4.603  0.4787  0.0000  0.7 1   -12.760 3.3357691765
    7.00    17.7634201050   17.0827 4.9728  4.3670  3.1117  -7.662  -6.658  -5.650  -5.425  -5.326  -5.187  -4.856  -4.755  -4.668  0.4787  0.0000  0.8 1   -12.760 3.3357694149
    7.00    17.7646236420   17.0829 4.9698  4.3493  3.0441  -7.654  -6.721  -5.733  -5.515  -5.420  -5.286  -4.964  -4.866  -4.782  0.4787  0.0000  0.8 1   -12.760 3.3357696533
    7.00    17.7653884888   17.0831 4.9702  4.3355  2.9882  -7.655  -6.773  -5.806  -5.592  -5.501  -5.369  -5.055  -4.959  -4.877  0.4787  0.0000  0.9 1   -12.760 3.3357696533
    7.00    17.7660903931   17.0832 4.9708  4.3210  2.9297  -7.657  -6.821  -5.880  -5.670  -5.581  -5.452  -5.147  -5.054  -4.974  0.4787  0.0000  1.0 1   -12.760 3.3357696533
    7.00    17.7667903900   17.0833 4.9714  4.3058  2.8684  -7.659  -6.870  -5.958  -5.752  -5.665  -5.541  -5.245  -5.156  -5.079  0.4787  0.0000  1.1 1   -12.760 3.3357698917
    7.00    17.7673912048   17.0834 4.9723  4.2912  2.8092  -7.661  -6.929  -6.035  -5.835  -5.753  -5.634  -5.346  -5.261  -5.188  0.4787  0.0000  1.3 1   -12.760 3.3357698917
    7.00    17.7680931091   17.0835 4.9731  4.2737  2.7383  -7.663  -7.018  -6.127  -5.940  -5.866  -5.755  -5.477  -5.396  -5.326  0.4787  0.0000  1.4 1   -12.760 3.3357698917
    7.00    17.7686920166   17.0836 4.9736  4.2573  2.6720  -7.664  -7.078  -6.213  -6.032  -5.963  -5.858  -5.590  -5.514  -5.447  0.4787  0.0000  1.6 1   -12.760 3.3357698917
    7.00    17.7691936493   17.0837 4.9738  4.2416  2.6090  -7.665  -7.134  -6.295  -6.120  -6.055  -5.955  -5.697  -5.625  -5.561  0.4787  0.0000  1.8 1   -12.760 3.3357701302
    7.00    17.7693939209   17.0838 4.9739  4.2352  2.5833  -7.665  -7.157  -6.328  -6.156  -6.093  -5.995  -5.741  -5.671  -5.608  0.4787  0.0000  1.9 1   -12.760 3.3357701302
    7.00    17.7698955536   17.0839 4.9735  4.2201  2.5233  -7.664  -7.209  -6.405  -6.240  -6.181  -6.088  -5.844  -5.778  -5.718  0.4787  0.0000  2.1 1   -12.760 3.3357701302
    7.00    17.7702960968   17.0839 4.9732  4.2061  2.4677  -7.663  -7.253  -6.477  -6.316  -6.261  -6.174  -5.939  -5.877  -5.820  0.4787  0.0000  2.3 1   -12.760 3.3357701302
    7.00    17.7706966400   17.0840 4.9727  4.1913  2.4092  -7.662  -7.296  -6.552  -6.397  -6.345  -6.263  -6.040  -5.981  -5.927  0.4787  0.0000  2.5 1   -12.760 3.3357701302
    7.00    17.7711963654   17.0841 4.9718  4.1733  2.3381  -7.659  -7.349  -6.642  -6.495  -6.448  -6.373  -6.162  -6.108  -6.057  0.4787  0.0000  2.9 1   -12.760 3.3357701302
    7.00    17.7715969086   17.0841 4.9707  4.1563  2.2711  -7.657  -7.409  -6.716  -6.583  -6.545  -6.479  -6.279  -6.231  -6.183  0.4787  0.0000  3.2 1   -12.760 3.3357701302
    7.00    17.7718963623   17.0842 4.9697  4.1429  2.2186  -7.654  -7.450  -6.779  -6.654  -6.621  -6.561  -6.371  -6.326  -6.281  0.4787  0.0000  3.5 1   -12.760 3.3357703686
    7.00    17.7722969055   17.0843 4.9685  4.1260  2.1522  -7.651  -7.489  -6.870  -6.748  -6.718  -6.662  -6.486  -6.444  -6.402  0.4787  0.0000  4.0 1   -12.760 3.3357703686
    7.00    17.7725963593   17.0843 4.9673  4.1106  2.0917  -7.648  -7.520  -6.952  -6.833  -6.805  -6.753  -6.590  -6.551  -6.511  0.4787  0.0000  4.4 1   -12.760 3.3357703686
    7.00    17.7729969025   17.0844 4.9656  4.0914  2.0165  -7.644  -7.563  -7.044  -6.934  -6.911  -6.866  -6.718  -6.685  -6.648  0.4787  0.0000  5.0 1   -12.760 3.3357703686
    7.00    17.7732982635   17.0844 4.9639  4.0738  1.9477  -7.640  -7.609  -7.114  -7.019  -7.004  -6.969  -6.835  -6.809  -6.775  0.4787  0.0000  5.6 1   -12.760 3.3357703686
    7.00    17.7734985352   17.0845 4.9625  4.0615  1.8999  -7.636  -7.637  -7.160  -7.075  -7.067  -7.040  -6.915  -6.893  -6.862  0.4787  0.0000  6.1 1   -12.760 3.3357703686
    7.00    17.7737979889   17.0845 4.9609  4.0452  1.8365  -7.632  -7.667  -7.224  -7.151  -7.150  -7.131  -7.021  -7.004  -6.976  0.4787  0.0000  6.8 1   -12.760 3.3357703686
    7.00    17.7739982605   17.0846 4.9593  4.0313  1.7826  -7.628  -7.678  -7.284  -7.217  -7.218  -7.204  -7.109  -7.096  -7.070  0.4787  0.0000  7.5 1   -12.760 3.3357703686
    7.00    17.7741985321   17.0846 4.9575  4.0168  1.7265  -7.624  -7.683  -7.344  -7.282  -7.287  -7.278  -7.199  -7.190  -7.166  0.4787  0.0000  8.3 1   -12.760 3.3357703686
    7.00    17.7744998932   17.0847 4.9551  3.9973  1.6505  -7.618  -7.684  -7.422  -7.368  -7.376  -7.374  -7.319  -7.316  -7.297  0.4787  0.0000  9.4 1   -12.760 3.3357706070
    7.00    17.7747001648   17.0847 4.9529  3.9809  1.5873  -7.612  -7.676  -7.482  -7.436  -7.445  -7.451  -7.417  -7.421  -7.405  0.4787  0.0000  10.5    1   -12.760 3.3357706070
    7.00    17.7749004364   17.0847 4.9503  3.9636  1.5207  -7.606  -7.673  -7.517  -7.493  -7.514  -7.533  -7.519  -7.532  -7.520  0.4787  0.0000  11.8    1   -12.760 3.3357706070
    7.00    17.7751998901   17.0848 4.9470  3.9418  1.4367  -7.597  -7.657  -7.556  -7.560  -7.596  -7.632  -7.646  -7.671  -7.665  0.4787  0.0000  13.6    1   -12.760 3.3357706070
    7.00    17.7754001617   17.0848 4.9435  3.9221  1.3616  -7.589  -7.613  -7.602  -7.621  -7.662  -7.709  -7.758  -7.792  -7.793  0.4787  0.0000  15.5    1   -12.760 3.3357706070
    7.00    17.7756996155   17.0849 4.9389  3.8974  1.2674  -7.577  -7.526  -7.611  -7.668  -7.730  -7.799  -7.892  -7.945  -7.955  0.4787  0.0000  18.3    1   -12.760 3.3357706070
    7.00    17.7758998871   17.0849 4.9338  3.8766  1.1893  -7.564  -7.420  -7.587  -7.683  -7.768  -7.863  -8.000  -8.073  -8.091  0.4787  0.0000  20.9    1   -12.760 3.3357706070
    7.00    17.7761001587   17.0849 4.9269  3.8553  1.1109  -7.547  -7.277  -7.505  -7.671  -7.796  -7.925  -8.109  -8.210  -8.235  0.4787  0.0000  23.9    1   -12.760 3.3357706070
    7.00    17.7763004303   17.0850 4.9220  3.8396  1.0529  -7.535  -7.158  -7.423  -7.654  -7.814  -7.971  -8.190  -8.315  -8.344  0.4787  0.0000  26.4    1   -12.760 3.3357706070
    7.00    17.7764015198   17.0850 4.9167  3.8283  1.0129  -7.522  -7.062  -7.353  -7.635  -7.822  -7.999  -8.244  -8.386  -8.419  0.4787  0.0000  28.3    1   -12.760 3.3357706070
    7.00    17.7765007019   17.0850 4.9109  3.8170  0.9736  -7.507  -6.953  -7.267  -7.611  -7.825  -8.023  -8.294  -8.458  -8.494  0.4787  0.0000  30.3    1   -12.760 3.3357706070
    7.00    17.7766017914   17.0850 4.9040  3.8055  0.9348  -7.490  -6.835  -7.172  -7.581  -7.825  -8.045  -8.343  -8.528  -8.567  0.4787  0.0000  32.4    1   -12.760 3.3357706070
    7.00    17.7767009735   17.0850 4.8954  3.7934  0.8948  -7.468  -6.695  -7.063  -7.542  -7.817  -8.061  -8.389  -8.599  -8.640  0.4787  0.0000  34.7    1   -12.760 3.3357706070
    7.00    17.7768020630   17.0851 4.8859  3.7803  0.8518  -7.445  -6.531  -6.938  -7.494  -7.804  -8.074  -8.436  -8.674  -8.719  0.4787  0.0000  37.4    1   -12.760 3.3357706070
    7.00    17.7770023346   17.0851 4.8749  3.7620  0.7899  -7.417  -6.269  -6.756  -7.423  -7.782  -8.089  -8.500  -8.781  -8.830  0.4787  0.0000  41.6    1   -12.760 3.3357706070
    7.00    17.7771015167   17.0851 4.8627  3.7489  0.7497  -7.387  -6.055  -6.608  -7.358  -7.753  -8.085  -8.534  -8.846  -8.899  0.4787  0.0000  44.6    1   -12.760 3.3357706070
    7.00    17.7772026062   17.0851 4.8510  3.7377  0.7164  -7.357  -5.836  -6.468  -7.292  -7.717  -8.071  -8.554  -8.896  -8.950  0.4787  0.0000  47.3    1   -12.760 3.3357708454
    7.00    17.7774009705   17.0852 4.8323  3.7208  0.6675  -7.311  -5.494  -6.251  -7.187  -7.657  -8.043  -8.580  -8.966  -9.024  0.4787  0.0000  51.4    1   -12.760 3.3357708454
    7.00    17.7777023315   17.0852 4.8229  3.7015  0.5996  -7.287  -5.094  -6.022  -7.087  -7.609  -8.029  -8.631  -9.071  -9.133  0.4787  0.0000  57.8    1   -12.760 3.3357708454
    7.00    17.7779026031   17.0853 4.8353  3.6864  0.5272  -7.318  -4.795  -5.884  -7.046  -7.605  -8.052  -8.713  -9.195  -9.264  0.4787  0.0000  65.5    1   -12.760 3.3357708454
    7.00    17.7781028748   17.0853 4.8689  3.6713  0.4330  -7.402  -4.525  -5.792  -7.051  -7.649  -8.125  -8.847  -9.371  -9.449  0.4787  0.0000  77.1    1   -12.760 3.3357708454
    7.00    17.7782020569   17.0853 4.8922  3.6649  0.3838  -7.460  -4.414  -5.770  -7.069  -7.684  -8.175  -8.924  -9.467  -9.550  0.4787  0.0000  84.0    1   -12.760 3.3357708454
    7.00    17.7783031464   17.0853 4.9170  3.6580  0.3318  -7.522  -4.297  -5.746  -7.089  -7.722  -8.227  -9.005  -9.568  -9.657  0.4787  0.0000  91.9    1   -12.760 3.3357708454
    7.00    17.7784023285   17.0853 4.9401  3.6502  0.2774  -7.580  -4.150  -5.707  -7.099  -7.752  -8.274  -9.086  -9.670  -9.766  0.4787  0.0000  136.6   0   -12.693 3.3357708454
    7.00    17.7785034180   17.0854 4.9645  3.6413  0.2172  -7.641  -3.949  -5.644  -7.088  -7.768  -8.316  -9.168  -9.782  -9.885  0.4787  0.0000  159.1   0   -12.250 3.3357708454
    7.00    17.7812042236   17.0858 5.0022  3.5718  -0.0983 -7.735  -2.400  -4.553  -6.282  -7.265  -8.158  -9.395  -10.269 -10.440 0.4787  0.0000  353.9   0   -9.930  3.3357710838
    7.00    17.7891044617   17.0872 5.1144  3.5609  -0.2541 -8.016  -2.758  -4.511  -6.180  -7.266  -8.325  -9.712  -10.622 -10.794 0.4787  0.0000  525.1   0   -8.784  3.3357717991
    7.00    17.8116340637   17.0913 5.0660  3.5687  -0.1743 -7.895  -2.581  -4.621  -6.333  -7.346  -8.285  -9.565  -10.449 -10.621 0.4787  0.0000  429.1   0   -9.371  3.3357737064
    7.00    17.8331089020   17.0951 5.0299  3.5743  -0.1159 -7.805  -2.456  -4.699  -6.440  -7.400  -8.254  -9.456  -10.322 -10.492 0.4787  0.0000  370.0   0   -9.801  3.3357756138
    7.00    17.8609848022   17.0999 4.9968  3.5799  -0.0602 -7.722  -2.446  -4.726  -6.459  -7.387  -8.201  -9.364  -10.205 -10.371 0.4787  0.0000  321.4   0   -10.211 3.3357779980
    7.00    17.9470653534   17.1141 4.9658  3.5898  0.0107  -7.645  -2.529  -4.829  -6.536  -7.414  -8.168  -9.271  -10.071 -10.227 0.4787  0.0000  268.6   0   -10.733 3.3357853889
    7.00    17.9796924591   17.1192 4.9655  3.5933  0.0250  -7.644  -2.590  -4.893  -6.589  -7.450  -8.182  -9.265  -10.050 -10.203 0.4787  0.0000  259.1   0   -10.838 3.3357882500
    7.00    18.0669288635   17.1319 4.9801  3.6034  0.0514  -7.680  -2.847  -5.109  -6.767  -7.580  -8.258  -9.285  -10.029 -10.172 0.4787  0.0000  242.4   0   -11.033 3.3357954025
    7.00    18.0905933380   17.1352 4.9922  3.6103  0.0671  -7.710  -3.086  -5.250  -6.871  -7.658  -8.309  -9.303  -10.021 -10.157 0.4787  0.0000  232.9   0   -11.148 3.3357973099
    7.00    18.0981216431   17.1328 5.0032  3.6209  0.0982  -7.738  -3.435  -5.447  -7.011  -7.756  -8.366  -9.311  -9.991  -10.116 0.4787  0.0000  215.3   0   -11.377 3.3357980251
    7.00    18.1005992889   17.1321 5.0094  3.6321  0.1366  -7.753  -3.778  -5.625  -7.126  -7.835  -8.409  -9.303  -9.945  -10.058 0.4787  0.0000  195.3   0   -11.659 3.3357982635
    7.00    18.1030769348   17.1313 5.0150  3.6540  0.2186  -7.768  -4.402  -5.931  -7.308  -7.954  -8.468  -9.264  -9.835  -9.927  0.4787  0.0000  158.7   0   -12.262 3.3357985020
    7.00    18.1055545807   17.1305 5.0157  3.6761  0.3064  -7.769  -4.957  -6.200  -7.445  -8.035  -8.502  -9.203  -9.707  -9.783  0.4787  0.0000  96.0    1   -12.759 3.3357987404
    7.00    18.1068363190   17.1302 5.0155  3.6862  0.3469  -7.769  -5.185  -6.316  -7.494  -8.058  -8.507  -9.168  -9.644  -9.715  0.4787  0.0000  89.5    1   -12.759 3.3357987404
    7.00    18.1092262268   17.1294 5.0152  3.6998  0.4019  -7.768  -5.491  -6.472  -7.561  -8.091  -8.515  -9.122  -9.559  -9.623  0.4787  0.0000  81.4    1   -12.759 3.3357989788
    7.00    18.1117019653   17.1287 5.0149  3.7088  0.4381  -7.767  -5.673  -6.570  -7.597  -8.102  -8.509  -9.086  -9.499  -9.560  0.4787  0.0000  76.5    1   -12.759 3.3357992172
    7.00    18.1140899658   17.1279 5.0146  3.7149  0.4628  -7.766  -5.794  -6.636  -7.621  -8.109  -8.505  -9.061  -9.458  -9.518  0.4787  0.0000  73.3    1   -12.759 3.3357992172
    7.00    18.1189498901   17.1264 5.0143  3.7209  0.4871  -7.766  -5.914  -6.700  -7.645  -8.116  -8.502  -9.037  -9.418  -9.476  0.4787  0.0000  70.3    1   -12.759 3.3357996941
    7.00    18.1260204315   17.1243 5.0144  3.7230  0.4950  -7.766  -5.954  -6.722  -7.653  -8.119  -8.501  -9.029  -9.405  -9.462  0.4787  0.0000  69.3    1   -12.759 3.3358004093
    7.00    18.1634826660   17.1179 5.0151  3.7139  0.4581  -7.768  -5.775  -6.626  -7.618  -8.109  -8.507  -9.066  -9.466  -9.526  0.4787  0.0000  73.9    1   -12.759 3.3358032703
    7.00    18.1891365051   17.1206 5.0154  3.7060  0.4263  -7.769  -5.617  -6.541  -7.587  -8.100  -8.512  -9.098  -9.519  -9.581  0.4787  0.0000  78.1    1   -12.759 3.3358054161
    7.00    18.2143173218   17.1232 5.0158  3.6983  0.3950  -7.769  -5.457  -6.455  -7.555  -8.088  -8.515  -9.128  -9.570  -9.634  0.4787  0.0000  82.4    1   -12.759 3.3358075619
    7.00    18.2390232086   17.1255 5.0161  3.6906  0.3638  -7.770  -5.285  -6.368  -7.518  -8.071  -8.511  -9.155  -9.619  -9.687  0.4787  0.0000  87.0    1   -12.759 3.3358094692
    7.00    18.2614669800   17.1276 5.0164  3.6838  0.3365  -7.771  -5.134  -6.291  -7.485  -8.055  -8.508  -9.178  -9.661  -9.733  0.4787  0.0000  91.2    1   -12.759 3.3358113766
    7.00    18.2812194824   17.1294 5.0165  3.6774  0.3109  -7.771  -4.990  -6.218  -7.453  -8.040  -8.504  -9.200  -9.701  -9.776  0.4787  0.0000  95.3    1   -12.759 3.3358128071
    7.00    18.2975749969   17.1308 5.0171  3.6713  0.2858  -7.773  -4.843  -6.146  -7.420  -8.022  -8.499  -9.220  -9.739  -9.818  0.4787  0.0000  133.9   0   -12.756 3.3358142376
    7.00    18.3135471344   17.1321 5.0176  3.6644  0.2579  -7.774  -4.672  -6.064  -7.379  -7.998  -8.490  -9.241  -9.780  -9.865  0.4787  0.0000  143.7   0   -12.551 3.3358154297
    7.00    18.3262348175   17.1331 5.0180  3.6586  0.2344  -7.775  -4.527  -5.995  -7.344  -7.978  -8.483  -9.258  -9.815  -9.904  0.4787  0.0000  152.5   0   -12.378 3.3358163834
    7.00    18.3383884430   17.1341 5.0183  3.6530  0.2116  -7.776  -4.385  -5.927  -7.310  -7.959  -8.475  -9.275  -9.848  -9.942  0.4787  0.0000  161.5   0   -12.211 3.3358173370
    7.00    18.3476505280   17.1348 5.0181  3.6477  0.1904  -7.775  -4.242  -5.858  -7.273  -7.936  -8.465  -9.289  -9.878  -9.976  0.4787  0.0000  170.4   0   -12.055 3.3358180523
    7.00    18.3551235199   17.1354 5.0178  3.6421  0.1686  -7.774  -4.083  -5.782  -7.227  -7.907  -8.452  -9.301  -9.909  -10.012 0.4787  0.0000  180.2   0   -11.894 3.3358187675
    7.00    18.3624629974   17.1359 5.0170  3.6364  0.1465  -7.772  -3.918  -5.702  -7.180  -7.876  -8.438  -9.312  -9.939  -10.048 0.4787  0.0000  190.5   0   -11.732 3.3358192444
    7.00    18.3663444519   17.1362 5.0160  3.6311  0.1263  -7.770  -3.763  -5.627  -7.135  -7.847  -8.424  -9.321  -9.966  -10.080 0.4787  0.0000  200.5   0   -11.584 3.3358194828
    7.00    18.3720283508   17.1366 5.0128  3.6212  0.0899  -7.762  -3.463  -5.475  -7.038  -7.783  -8.392  -9.335  -10.014 -10.138 0.4787  0.0000  219.9   0   -11.316 3.3358199596
    7.00    18.3750801086   17.1369 5.0104  3.6156  0.0698  -7.756  -3.284  -5.378  -6.972  -7.738  -8.369  -9.339  -10.038 -10.168 0.4787  0.0000  231.4   0   -11.168 3.3358201981
    7.00    18.3786888123   17.1371 5.0060  3.6090  0.0480  -7.745  -3.072  -5.261  -6.892  -7.683  -8.340  -9.340  -10.063 -10.200 0.4787  0.0000  244.5   0   -11.008 3.3358204365
    7.00    18.3814640045   17.1373 5.0013  3.6042  0.0336  -7.733  -2.914  -5.172  -6.829  -7.639  -8.314  -9.337  -10.077 -10.220 0.4787  0.0000  253.6   0   -10.902 3.3358206749
    7.00    18.3861865997   17.1376 4.9944  3.5991  0.0200  -7.716  -2.752  -5.071  -6.753  -7.584  -8.281  -9.329  -10.088 -10.236 0.4787  0.0000  262.4   0   -10.802 3.3358211517
    7.00    18.3996715546   17.1386 5.0011  3.5942  -0.0062 -7.733  -2.681  -4.996  -6.694  -7.550  -8.276  -9.353  -10.132 -10.286 0.4787  0.0000  280.5   0   -10.610 3.3358221054
    7.00    18.6732406616   17.1069 5.0608  3.5791  -0.1272 -7.882  -2.593  -4.871  -6.606  -7.539  -8.357  -9.525  -10.370 -10.536 0.4787  0.0000  380.9   0   -9.718  3.3358428478
    7.00    18.6957530975   17.0981 5.0807  3.5757  -0.1609 -7.932  -2.590  -4.859  -6.603  -7.552  -8.392  -9.580  -10.440 -10.609 0.4787  0.0000  414.8   0   -9.470  3.3358445168
    7.00    18.7033634186   17.0934 5.1461  3.5642  -0.2723 -8.095  -2.816  -4.690  -6.377  -7.432  -8.439  -9.780  -10.678 -10.850 0.4787  0.0000  549.9   0   -8.651  3.3358452320
    7.00    18.7068805695   17.0917 5.1756  3.5593  -0.3215 -8.169  -2.930  -4.620  -6.279  -7.380  -8.462  -9.871  -10.783 -10.957 0.4787  0.0000  622.9   0   -8.289  3.3358454704
    7.00    18.7111587524   17.0896 5.2154  3.5551  -0.3782 -8.268  -3.068  -4.600  -6.234  -7.374  -8.519  -9.984  -10.909 -11.083 0.4787  0.0000  719.0   0   -7.872  3.3358457088
    7.00    18.7173347473   17.0867 5.2711  3.5524  -0.4447 -8.408  -3.239  -4.665  -6.283  -7.447  -8.633  -10.133 -11.063 -11.238 0.4787  0.0000  850.9   0   -7.383  3.3358461857